--- 19BufferedInputStreamILm524288EjE 20BufferedOutputStreamILm524288EjE sort test ---

               n               M       d   Trials	Min    [s]	Lower  [s]	Median [s]	Upper  [s]	Max [s] M*d
        33554432         2097152      16	1	15.496000	15.496000	15.496000	15.496000	15.496000	32
        67108864         2097152      32	1	63.845000	63.845000	63.845000	63.845000	63.845000	64
       134217728        33554432       4	1	137.686000	137.686000	137.686000	137.686000	137.686000	128
       268435456        33554432       8	1	276.167000	276.167000	276.167000	276.167000	276.167000	256
       536870912        16777216      32	1	558.920000	558.920000	558.920000	558.920000	558.920000	

--- Second run

        33554432          524288      64	1	17.685000	17.685000	17.685000	17.685000	17.685000   
        67108864          524288     128	1	64.223000	64.223000	64.223000	64.223000	64.223000	
       134217728        33554432       4	1	138.537000	138.537000	138.537000	138.537000	138.537000	
       268435456        33554432       8	1	276.994000	276.994000	276.994000	276.994000	276.994000	
       536870912        16777216      32	1	558.920000	558.920000	558.920000	558.920000	558.920000	
