Sanity check for 16FREADInputStreamIjE and 
                 18FWRITEOutputStreamIjE succeeded
Sanity check for 15ReadInputStreamIjE and 
                 17WriteOutputStreamIjE succeeded
Sanity check for 19BufferedInputStreamILm524288EjE and 
                 20BufferedOutputStreamILm524288EjE succeeded
Sanity check for 15MMapInputStreamILm524288EjE and 
                 16MMapOutputStreamILm524288EjE succeeded
Heapsort
               1	1	0.000000	0.000000	0.000000	0.000000	0.000000	
               2	1	0.000000	0.000000	0.000000	0.000000	0.000000	
               4	1	0.000000	0.000000	0.000000	0.000000	0.000000	
               8	1	0.000000	0.000000	0.000000	0.000000	0.000000	
              16	1	0.000000	0.000000	0.000000	0.000000	0.000000	
              32	1	0.000000	0.000000	0.000000	0.000000	0.000000	
              64	1	0.000000	0.000000	0.000000	0.000000	0.000000	
             128	1	0.000000	0.000000	0.000000	0.000000	0.000000	
             256	1	0.000000	0.000000	0.000000	0.000000	0.000000	
             512	1	0.000000	0.000000	0.000000	0.000000	0.000000	
            1024	1	0.000000	0.000000	0.000000	0.000000	0.000000	
            2048	1	0.000000	0.000000	0.000000	0.000000	0.000000	
            4096	1	0.000000	0.000000	0.000000	0.000000	0.000000	
            8192	1	0.001000	0.001000	0.001000	0.001000	0.001000	
           16384	1	0.002000	0.002000	0.002000	0.002000	0.002000	
           32768	1	0.005000	0.005000	0.005000	0.005000	0.005000	
           65536	1	0.010000	0.010000	0.010000	0.010000	0.010000	
          131072	1	0.024000	0.024000	0.024000	0.024000	0.024000	
          262144	1	0.053000	0.053000	0.053000	0.053000	0.053000	
          524288	1	0.115000	0.115000	0.115000	0.115000	0.115000	
         1048576	1	0.271000	0.271000	0.271000	0.271000	0.271000	
         2097152	1	0.621000	0.621000	0.621000	0.621000	0.621000	
         4194304	1	1.313000	1.313000	1.313000	1.313000	1.313000	
         8388608	1	2.712000	2.712000	2.712000	2.712000	2.712000	
        16777216	1	5.620000	5.620000	5.620000	5.620000	5.620000	
        33554432	1	11.600000	11.600000	11.600000	11.600000	11.600000	
        67108864	1	23.863000	23.863000	23.863000	23.863000	23.863000	
       134217728	1	49.221000	49.221000	49.221000	49.221000	49.221000	
