Sanity check for 16FREADInputStreamIjE and 
                 18FWRITEOutputStreamIjE succeeded
Sanity check for 15ReadInputStreamIjE and 
                 17WriteOutputStreamIjE succeeded
Sanity check for 19BufferedInputStreamILm524288EjE and 
                 20BufferedOutputStreamILm524288EjE succeeded
Sanity check for 15MMapInputStreamILm524288EjE and 
                 16MMapOutputStreamILm524288EjE succeeded
Qsort
               1	1	0.000000	0.000000	0.000000	0.000000	0.000000	
               2	1	0.000000	0.000000	0.000000	0.000000	0.000000	
               4	1	0.000000	0.000000	0.000000	0.000000	0.000000	
               8	1	0.000000	0.000000	0.000000	0.000000	0.000000	
              16	1	0.000000	0.000000	0.000000	0.000000	0.000000	
              32	1	0.000000	0.000000	0.000000	0.000000	0.000000	
              64	1	0.000000	0.000000	0.000000	0.000000	0.000000	
             128	1	0.000000	0.000000	0.000000	0.000000	0.000000	
             256	1	0.000000	0.000000	0.000000	0.000000	0.000000	
             512	1	0.000000	0.000000	0.000000	0.000000	0.000000	
            1024	1	0.000000	0.000000	0.000000	0.000000	0.000000	
            2048	1	0.000000	0.000000	0.000000	0.000000	0.000000	
            4096	1	0.000000	0.000000	0.000000	0.000000	0.000000	
            8192	1	0.001000	0.001000	0.001000	0.001000	0.001000	
           16384	1	0.003000	0.003000	0.003000	0.003000	0.003000	
           32768	1	0.006000	0.006000	0.006000	0.006000	0.006000	
           65536	1	0.013000	0.013000	0.013000	0.013000	0.013000	
          131072	1	0.029000	0.029000	0.029000	0.029000	0.029000	
          262144	1	0.060000	0.060000	0.060000	0.060000	0.060000	
          524288	1	0.122000	0.122000	0.122000	0.122000	0.122000	
         1048576	1	0.254000	0.254000	0.254000	0.254000	0.254000	
         2097152	1	0.523000	0.523000	0.523000	0.523000	0.523000	
         4194304	1	1.083000	1.083000	1.083000	1.083000	1.083000	
         8388608	1	2.231000	2.231000	2.231000	2.231000	2.231000	
        16777216	1	4.602000	4.602000	4.602000	4.602000	4.602000	
        33554432	1	11.311000	11.311000	11.311000	11.311000	11.311000	
        67108864	1	21.048000	21.048000	21.048000	21.048000	21.048000	
       134217728	1	43.623000	43.623000	43.623000	43.623000	43.623000	
       268435456	1	650.366000	650.366000	650.366000	650.366000	650.366000	
File counter: 0
