#Release mode
#Test start
#
# Stream type    Elements  Block size           d Buffer size  Cache size        Time   I sectors   O sectors    Read ops   Write ops
           b   268435456      524288         512        2048         128     815.928     5604840     7913248       52904       34214
           b   268435456      524288         512        4096         128     798.411     5614768     7942816       44534       34336
           b   268435456      524288         512        8192         128     803.108     5561984     7932736       42474       34298
           b   268435456      524288         512       16384         128     840.115     5499920     7945560       41972       34370
           b   268435456      524288         512       32768         128     925.860     5720680     7953064       42258       34427


           b   268435456     1048576         256        2048         128     782.519     5267984     8530824       55683       36606
           b   268435456     1048576         256        4096         128     764.679     5092224     8721832       46751       37431
           b   268435456     1048576         256        8192         128     758.739     5020664     8604336       41276       36914
           b   268435456     1048576         256       16384         128     761.659     4947744     8571720       38398       36774
           b   268435456     1048576         256       32768         128     775.132     5022904     8566848       38334       36752


           b   268435456     2097152         128        2048         128     798.111     5005736     9996656       54554       42673
           b   268435456     2097152         128        4096         128     789.289     4937184    10028808       45970       42782
           b   268435456     2097152         128        8192         128     784.671     4866984    10355376       40776       44221
           b   268435456     2097152         128       16384         128     769.989     4784056    10304416       38653       44029
           b   268435456     2097152         128       32768         128     776.719     4933056    10384568       38630       44364


           b   268435456     4194304          64        2048         128     832.016     4938376    13938912       52516       59356
           b   268435456     4194304          64        4096         128     823.894     4912928    14015992       45999       59720
           b   268435456     4194304          64        8192         128     799.741     4953984    13719088       41098       58439
           b   268435456     4194304          64       16384         128     818.133     4915592    14228616       39566       60631
           b   268435456     4194304          64       32768         128     829.167     4894216    13842856       38746       58905


           b   268435456     8388608          32        2048         128     918.699     4858656    17615760       57536       76046
           b   268435456     8388608          32        4096         128     914.415     5010128    17796000       46900       76699
           b   268435456     8388608          32        8192         128     906.639     4939144    18433176       41782       79115
           b   268435456     8388608          32       16384         128     897.573     4794952    18328200       38586       78037
           b   268435456     8388608          32       32768         128     864.695     4852624    17385192       38289       74178

#TODO: Langsommere hvis vi har stor buffer str og lille block, fordi saa skal vi bruge meget lidt fra hver ved sifting/refill og saa bliver bufferen ikke ordentligt ydnyttet