#External Heap
   Elements QSort      Ext.Merge
   2097152  0.523000  
   4194304  1.083000  
   8388608  2.231000  
  16777216  4.602000  
  33554432  11.311000  15.496000  
  67108864  21.048000  63.845000 
 134217728  43.623000  137.686000
 268435456  650.366000 276.167000


#External Heap
   Elements  Ext.Heap Ext.Merge
  33554432    45.990  15.496000  
  67108864   104.847  63.845000 
 134217728   243.757  137.686000
 268435456   540.281  276.167000
 536870912  1268.470  558.920000
1073741824  3385.970  1198.48500