Release mode
Test start

 Stream type    Elements  Block size           d Buffer size  Cache size        Time   I sectors   O sectors    Read ops   Write ops
           m   268435456      524288         512           0           0     542.234     6175856     7248440       49559       34312
           m   268435456      524288         256           0           0     578.485     6919224     8182880       54895       35255
           m   268435456      524288         128           0           0     586.813     6723312     8488352       53783       38029
           m   268435456      524288          64           0           0     599.601     6841888     8935512       54446       41056
           m   268435456      524288          32           0           0     615.059     6759520     9315104       53843       42486
           m   268435456      524288          16           0           0     656.020     6674144    11532136       52976       51225
           m   268435456      524288           8           0           0     676.033     6576320    12865432       52002       55934
