#Release mode
#Test start
#
# Stream type    Elements  Block size           d Buffer size  Cache size        Time   I sectors   O sectors    Read ops   Write ops
           m     2097152     1048576           2           0           0       1.495       16776           0         137           0
           m     4194304     1048576           4           0           0       3.421       33168           8         266           1
           m     8388608     1048576           8           0           0       8.790       65928       96240         521         414
           m    16777216     1048576          16           0           0      20.625      131472      339800        1034        1462
           m    33554432     1048576          32           0           0      45.990      262544      871504        2058        3740
           m    67108864     1048576          64           0           0     104.847      988400     1880856        7726        8044
           m   134217728     1048576         128           0           0     243.757     2890424     4217920       22629       18172
           m   268435456     1048576         256           0           0     540.281     6842800     8980688       53715       39609
           m   536870912     1048576         512           0           0    1268.470    16527464    18820312      133638       82868
           m  1073741824     1048576        1024           0           0    3385.970    46133064    36437216      430177      158821
