Release mode
Test start

 Stream type    Elements  Block size           d Buffer size  Cache size        Time   I sectors   O sectors    Read ops   Write ops
           b     1048576        1024          32        1024        2048       2.479        8760           8          75           1
           b     1048576        1024          32        1024        8192       2.483        8776           8          77           1
           b     1048576        1024         128        1024        2048       2.683        8504           8          72           1
           b     1048576        1024         128        1024        8192       2.709        8776           8          77           1
           b     1048576        1024         512        1024        2048       2.720        8520           8          74           1
           b     1048576        1024         512        1024        8192       2.751        8776           8          77           1
           b     1048576        4096          32        1024        8192       2.797        8504           8          72           1
           b     1048576        4096          32        4096        8192       2.426        8512           8          73           1
           b     1048576        4096         128        1024        8192       2.496        8504           8          72           1
           b     1048576        4096         128        4096        8192       2.254        8520           8          74           1
           b     2097152        1024         128        1024         512       5.973       16704          88         137           4
           b     2097152        1024         128        1024        2048       5.497       16696          80         136           4
           b     2097152        1024         128        1024        8192       5.500       16704          80         137           4
           b     2097152        1024         512        1024         512       6.334       16704          80         137           4
           b     2097152        1024         512        1024        2048       6.076       16696          80         136           4
           b     2097152        1024         512        1024        8192       6.080       16696          80         136           4
           b     2097152        4096          32        1024        2048       6.988       16704          80         137           4
           b     2097152        4096          32        1024        8192       5.746       16696          80         136           4
           b     2097152        4096          32        4096        2048       5.509       16696          80         136           4
           b     2097152        4096          32        4096        8192       4.873       16696           8         136           1
           b     2097152        4096         128        1024        2048       6.383       16952          80         141           4
           b     2097152        4096         128        1024        8192       5.423       16696          80         136           4
           b     2097152        4096         128        4096        2048       5.278       16696          80         136           4
           b     2097152        4096         128        4096        8192       4.807       16696           8         136           1
           b     2097152       16384          32        1024        8192       8.200       16696          80         136           4
           b     2097152       16384          32        4096        8192       6.976       16696          80         136           4
           b     2097152       16384          32       16384        8192       5.687       16696          80         136           4
           b     4194304        1024         128        1024         512      12.092       33080         112         264           6
           b     4194304        1024         128        1024        2048      10.947       33080         112         264           6
           b     4194304        1024         128        1024        8192      11.022       33088         112         265           6
           b     4194304        1024         512        1024         512      13.329       33080         112         264           6
           b     4194304        1024         512        1024        2048      12.613       33080         112         264           6
           b     4194304        1024         512        1024        8192      12.738       33080         112         264           6
           b     4194304        1024        2048        1024         128       Error
           b     4194304        1024        2048        1024         512       Error
           b     4194304        1024        2048        1024        2048       Error
           b     4194304        1024        2048        1024        8192       Error
           b     4194304        4096          32        1024        2048      12.893       33080         112         264           6
           b     4194304        4096          32        1024        8192      11.014       33360         112         270           6
           b     4194304        4096          32        4096        2048      11.002       33336         112         269           6
           b     4194304        4096          32        4096        8192       9.531       33080          80         264           4
           b     4194304        4096         128        1024        2048      12.765       33080         112         264           6
           b     4194304        4096         128        1024        8192      11.004       33088         112         265           6
           b     4194304        4096         128        4096        2048      11.048       33080         112         264           6
           b     4194304        4096         128        4096        8192       9.964       33080          80         264           4
           b     4194304        4096         512        1024        2048      12.028       33080         112         264           6
           b     4194304        4096         512        1024        8192      10.926       33080         112         264           6
           b     4194304        4096         512        4096         128      11.524       33080         112         264           6
           b     4194304        4096         512        4096         512       9.963       33096          80         266           4
           b     4194304        4096         512        4096        2048      10.319       33080         112         264           6
           b     4194304        4096         512        4096        8192       9.699       33096          80         266           4
           b     4194304       16384          32        1024        8192      14.905       33336         112         269           6
           b     4194304       16384          32        4096        8192      16.529       33080         144         264           8
           b     4194304       16384          32       16384        8192      12.266       33080         112         264           6
           b     4194304       16384         128        1024        8192      12.716       33080         112         264           6
           b     4194304       16384         128        4096        8192      11.174       33344         112         268           6
           b     4194304       16384         128       16384         128      14.924       33088         112         265           6
           b     4194304       16384         128       16384         512      10.407       33080         112         264           6
           b     4194304       16384         128       16384        2048       9.263       33080          80         264           4
           b     4194304       16384         128       16384        8192      11.145       33080         112         264           6
           b     8388608        1024         128        1024         128      27.916       65856      121824         521        2289
           b     8388608        1024         128        1024         512      26.254       65856      119352         521        2330
           b     8388608        1024         128        1024        2048      23.735       65848      124480         520        1780
           b     8388608        1024         512        1024         128      31.151       65856      111080         521        1918
           b     8388608        1024         512        1024         512      29.317       65856      110176         521        1486
           b     8388608        1024         512        1024        2048      27.755       65856      109656         521        1082
           b     8388608        1024        2048        1024         128       Error
           b     8388608        1024        2048        1024         512       Error
           b     8388608        1024        2048        1024        2048       Error
           b     8388608        4096         128        1024         512      26.697       65848      120736         520         899
           b     8388608        4096         128        1024        2048      27.984       65856      118448         521         869
           b     8388608        4096         128        1024        8192      24.289       65848      114784         520         829
           b     8388608        4096         128        4096         512      25.182       65848      141448         520         829
           b     8388608        4096         128        4096        2048      25.109       65848      141240         520         813
           b     8388608        4096         128        4096        8192      22.072       65848      126480         520         778
           b     8388608        4096         512        1024         512      25.118       65856      119344         521         922
           b     8388608        4096         512        1024        2048      27.407       65856      114328         521         879
           b     8388608        4096         512        1024        8192      24.645       65856      108384         521         581
           b     8388608        4096         512        4096         128      27.067       65848      119712         520         703
           b     8388608        4096         512        4096         512      23.871       65856      122560         521         928
           b     8388608        4096         512        4096        2048      24.095       65848      118120         520         894
           b     8388608        4096         512        4096        8192      22.665       65848      113856         520         738
           b     8388608       16384          32        1024        2048      28.020       65848      144008         520         661
           b     8388608       16384          32        1024        8192      32.871       65856      179360         521         799
           b     8388608       16384          32        4096        2048      28.676       65848      139816         520         634
           b     8388608       16384          32        4096        8192      32.170       65848      144360         520         660
           b     8388608       16384          32       16384        2048      25.828       66112      142600         524         663
           b     8388608       16384          32       16384        8192      24.619       65856      136432         521         620
           b     8388608       16384         128        1024        2048      23.768       66112       95760         524         447
           b     8388608       16384         128        1024        8192      30.892       65856      134240         521         606
           b     8388608       16384         128        4096        2048      26.576       65856      137224         521         617
           b     8388608       16384         128        4096        8192      29.687       65856      103280         521         512
           b     8388608       16384         128       16384         128      34.764       65848      148576         520         700
           b     8388608       16384         128       16384         512      25.430       65848      135544         520         608
           b     8388608       16384         128       16384        2048      22.815       65848       90528         520         422
           b     8388608       16384         128       16384        8192      23.195       65848       94648         520         442
           b     8388608       65536          32        1024        8192      31.933       65848      122504         520         543
           b     8388608       65536          32        4096        8192      29.508       66104       93352         525         416
           b     8388608       65536          32       16384        8192      43.372       65848      133640         520         590
           b    16777216        1024         128        1024         128      56.901      131392      345216        1033        6484
           b    16777216        1024         128        1024         512      51.133      131384      365984        1032        6274
           b    16777216        1024         128        1024        2048      47.444      131392      350856        1033        3303
           b    16777216        1024         512        1024         128      65.268      131648      350216        1036        5354
           b    16777216        1024         512        1024         512      61.395      131648      337784        1036        6339
           b    16777216        1024         512        1024        2048      57.723      131384      351728        1032        5550
           b    16777216        1024        2048        1024         128       Error
           b    16777216        1024        2048        1024         512       Error
           b    16777216        1024        2048        1024        2048       Error
           b    16777216        4096         128        1024         512      53.169      131400      347496        1034        2725
           b    16777216        4096         128        1024        2048      54.778      131384      340792        1031        2595
           b    16777216        4096         128        1024        8192      47.018      131384      349528        1031        2761
           b    16777216        4096         128        4096         512      49.559      131384      331568        1032        2333
           b    16777216        4096         128        4096        2048      49.563      131384      352208        1032        2006
           b    16777216        4096         128        4096        8192      45.525      131392      317744        1033        2700
           b    16777216        4096         512        1024         512      52.229      131416      342224        1036        2738
           b    16777216        4096         512        1024        2048      56.069      131392      340152        1033        2244
           b    16777216        4096         512        1024        8192      52.103      131384      362072        1032        2864
           b    16777216        4096         512        4096         128      57.846      131384      336696        1032        2757
           b    16777216        4096         512        4096         512      50.476      131392      335232        1032        2503
           b    16777216        4096         512        4096        2048      50.476      131384      339600        1032        2595
           b    16777216        4096         512        4096        8192      49.096      131384      333112        1032        2600
           b    16777216        4096        2048        1024         128       Error
           b    16777216        4096        2048        1024         512       Error
           b    16777216        4096        2048        1024        2048       Error
           b    16777216        4096        2048        1024        8192       Error
           b    16777216        4096        2048        4096         128       Error
           b    16777216        4096        2048        4096         512       Error
           b    16777216        4096        2048        4096        2048       Error
           b    16777216        4096        2048        4096        8192       Error
           b    16777216       16384          32        1024        2048      52.434      131392      359096        1033        1673
           b    16777216       16384          32        1024        8192      61.817      131656      352152        1037        1630
           b    16777216       16384          32        4096        2048      54.371      131392      338376        1033        1569
           b    16777216       16384          32        4096        8192      77.753      131648      340472        1036        1574
           b    16777216       16384          32       16384        2048      48.882      131656      368336        1037        1746
           b    16777216       16384          32       16384        8192      60.542      131648      371368        1036        1747
           b    16777216       16384         128        1024        2048      48.279      131392      356656        1033        1680
           b    16777216       16384         128        1024        8192      53.647      131640      353632        1035        1612
           b    16777216       16384         128        4096        2048      50.138      131384      354152        1032        1638
           b    16777216       16384         128        4096        8192      57.458      131392      343864        1032        1675
           b    16777216       16384         128       16384         128      71.529      131384      365192        1032        1719
           b    16777216       16384         128       16384         512      52.015      131384      358272        1032        1805
           b    16777216       16384         128       16384        2048      47.190      131640      353000        1035        1630
           b    16777216       16384         128       16384        8192      48.403      131400      339088        1034        1628
           b    16777216       16384         512        1024        2048      44.292      131392      334528        1033        1635
           b    16777216       16384         512        1024        8192      55.768      131384      333384        1032        1709
           b    16777216       16384         512        4096         128      49.664      131400      363056        1034        1787
           b    16777216       16384         512        4096         512      43.751      131384      341168        1032        1688
           b    16777216       16384         512        4096        2048      47.288      131384      359096        1032        1857
           b    16777216       16384         512        4096        8192      55.316      131648      372664        1036        1770
           b    16777216       16384         512       16384         128      70.909      131648      354560        1036        1793
           b    16777216       16384         512       16384         512      47.883      131384      357000        1032        1806
           b    16777216       16384         512       16384        2048      43.108      131392      371280        1033        1757
           b    16777216       16384         512       16384        8192      46.858      131384      341888        1032        1676
           b    16777216       65536          32        1024        8192      67.881      131400      345152        1034        1538
           b    16777216       65536          32        4096        8192      83.184      131648      352144        1036        1589
           b    16777216       65536          32       16384        8192      73.544      131656      356592        1037        1591
           b    16777216       65536         128        1024        8192      49.303      131384      351200        1032        1557
           b    16777216       65536         128        4096        8192      50.195      131384      349432        1032        1536
           b    16777216       65536         128       16384         128      55.691      131648      355600        1036        1570
           b    16777216       65536         128       16384         512      47.116      131384      360984        1032        1591
           b    16777216       65536         128       16384        2048      42.485      131392      338040        1033        1493
           b    16777216       65536         128       16384        8192      53.519      131408      363648        1035        1626
           b    16777216     4194304           2        1024         128      28.644      131384      294640        1032        1262
           b    16777216     4194304           2        1024         512      28.607      131640      309816        1032        1326
           b    16777216     4194304           2        1024        2048      28.371      131640      307872        1032        1318
           b    16777216     4194304           2        1024        8192      27.722      131640      300680        1032        1289
           b    16777216     4194304           2        4096         128      28.053      131392      318552        1033        1361
           b    16777216     4194304           2        4096         512      28.835      131648      318552        1033        1363
           b    16777216     4194304           2        4096        2048      27.351      131384      318752        1032        1363
           b    16777216     4194304           2        4096        8192      26.668      131384      305992        1032        1311
           b    16777216     4194304           2       16384         128      28.409      131384      318552        1029        1363
           b    16777216     4194304           2       16384         512      27.688      131384      307824        1032        1318
           b    16777216     4194304           2       16384        2048      28.502      131384      308560        1029        1320
           b    16777216     4194304           2       16384        8192      27.358      131640      306944        1035        1314
           b    33554432        1024         512        1024         128     138.318      262728      828944        2061       19281
           b    33554432        1024         512        1024         512     130.697      262472      837248        2058       19009
           b    33554432        1024        2048        1024         128       Error
           b    33554432        1024        2048        1024         512       Error
           b    33554432        4096         128        1024         128     115.734      262472      814808        2057        7018
           b    33554432        4096         128        1024         512     109.440      262480      782888        2059        6993
           b    33554432        4096         128        1024        2048     113.001      262488      801400        2060        7148
           b    33554432        4096         128        4096         128     121.915      262728      801824        2061        7317
           b    33554432        4096         128        4096         512     103.463      262728      794560        2061        6867
           b    33554432        4096         128        4096        2048     100.653      262472      770752        2058        6722
           b    33554432        4096         512        1024         128     113.762      262480      780352        2059        6843
           b    33554432        4096         512        1024         512     111.671      262480      798016        2059        6996
           b    33554432        4096         512        1024        2048     116.995      262480      799952        2059        7219
           b    33554432        4096         512        4096         128     126.356      262728      793304        2061        7083
           b    33554432        4096         512        4096         512     107.773      262472      805080        2058        6903
           b    33554432        4096         512        4096        2048     108.067      262728      786840        2061        6955
           b    33554432        4096        2048        1024         128       Error
           b    33554432        4096        2048        1024         512       Error
           b    33554432        4096        2048        1024        2048       Error
           b    33554432        4096        2048        4096         128       Error
           b    33554432        4096        2048        4096         512       Error
           b    33554432        4096        2048        4096        2048       Error
           b    33554432       16384         128        1024         512     103.473      262456      804272        2056        4019
           b    33554432       16384         128        1024        2048     102.296      262736      783288        2062        3962
           b    33554432       16384         128        1024        8192     111.301      262736      840592        2062        4313
           b    33554432       16384         128        4096         512     104.397      262488      775944        2060        3857
           b    33554432       16384         128        4096        2048     104.751      262728      781840        2061        3915
           b    33554432       16384         128        4096        8192     117.403      262480      800592        2059        4052
           b    33554432       16384         128       16384         128     154.475      262736      814256        2062        4179
           b    33554432       16384         128       16384         512     113.749      262472      817024        2058        4145
           b    33554432       16384         128       16384        2048      97.864      262480      808480        2059        4035
           b    33554432       16384         128       16384        8192     100.606      262480      793128        2059        4017
           b    33554432       16384         512        1024         512      97.255      262720      798080        2060        4041
           b    33554432       16384         512        1024        2048      99.143      262480      761440        2059        3891
           b    33554432       16384         512        1024        8192     112.343      262472      791112        2058        4120
           b    33554432       16384         512        4096         128     109.768      262736      778864        2062        4066
           b    33554432       16384         512        4096         512      96.656      262496      805824        2061        4083
           b    33554432       16384         512        4096        2048     100.024      262480      791456        2059        4014
           b    33554432       16384         512        4096        8192     118.243      262472      790488        2058        4172
           b    33554432       16384         512       16384         128     153.877      262472      798904        2058        4131
           b    33554432       16384         512       16384         512     103.210      262728      802536        2061        4067
           b    33554432       16384         512       16384        2048      96.398      262472      816096        2058        4146
           b    33554432       16384         512       16384        8192     100.963      262648      884488        2065        5043
           b    33554432       65536          32        1024        2048     112.670      262480      964328        2059        4512
           b    33554432       65536          32        1024        8192     144.171      262472      982080        2058        4640
           b    33554432       65536          32        4096        2048     110.901      262728      979264        2061        4625
           b    33554432       65536          32        4096        8192     142.110      262720      954920        2060        4494
           b    33554432       65536          32       16384        2048     107.889      262464      956432        2057        4498
           b    33554432       65536          32       16384        8192     133.428      262472      961000        2058        4525
           b    33554432       65536         128        1024        2048      95.241      262472      916192        2058        4264
           b    33554432       65536         128        1024        8192     101.878      262472      913192        2058        4242
           b    33554432       65536         128        4096        2048      96.394      262464      919688        2057        4282
           b    33554432       65536         128        4096        8192     120.560      262464      892288        2057        4168
           b    33554432       65536         128       16384         128     121.377      262472      910648        2058        4273
           b    33554432       65536         128       16384         512     106.050      262720      922800        2060        4312
           b    33554432       65536         128       16384        2048      97.615      262464      916488        2057        4292
           b    33554432       65536         128       16384        8192     105.918      262464      907856        2057        4200
           b    33554432      262144          32        1024        8192     128.556      262464      989736        2057        4336
           b    33554432      262144          32        4096        8192     138.954      262464      915920        2057        3988
           b    33554432      262144          32       16384        8192     104.533      262736      861984        2062        3733
           b    67108864        1024         512        1024         128     319.954      684144     1959560        7823       92140
           b    67108864        1024         512        1024         512     406.492     1371672     1975048       33218       94196
           b    67108864        1024        2048        1024         128       Error
           b    67108864        1024        2048        1024         512       Error
           b    67108864        4096         128        1024         128     326.858     1011200     1932848       42058       26903
           b    67108864        4096         128        1024         512     277.676      884736     1948736       24635       27349
           b    67108864        4096         128        1024        2048     332.439     1480600     1958736       46053       27807
           b    67108864        4096         128        4096         128     255.612      738416     1925984       13009       26973
           b    67108864        4096         128        4096         512     218.917      740952     1926944       13114       26924
           b    67108864        4096         128        4096        2048     263.321     1412872     1943752       36161       27136
           b    67108864        4096         512        1024         128     347.464      959888     1907568       36997       27393
           b    67108864        4096         512        1024         512     314.149      889384     1915512       26742       27758
           b    67108864        4096         512        1024        2048     370.429     1386240     1910544       43939       28668
           b    67108864        4096         512        4096         128     268.999      735808     1894808       12898       27463
           b    67108864        4096         512        4096         512     233.405      779264     1907680       14710       27643
           b    67108864        4096         512        4096        2048     285.725     1291480     1913768       31799       28165
           b    67108864        4096        2048        1024         128       Error
           b    67108864        4096        2048        1024         512       Error
           b    67108864        4096        2048        1024        2048       Error
           b    67108864        4096        2048        4096         128       Error
           b    67108864        4096        2048        4096         512       Error
           b    67108864        4096        2048        4096        2048       Error
           b    67108864       16384         128        1024         512     269.563      819456     1907776       14379       11079
           b    67108864       16384         128        1024        2048     261.385      891312     1904304       14984       11089
           b    67108864       16384         128        1024        8192     281.058     1035784     1918328       16207       11256
           b    67108864       16384         128        4096         512     235.861      737808     1894296        8888       11042
           b    67108864       16384         128        4096        2048     252.202      814616     1910512       10551       11108
           b    67108864       16384         128        4096        8192     277.596     1166392     1931424       15769       11308
           b    67108864       16384         128       16384         128     340.172      553208     1882864        6910       11030
           b    67108864       16384         128       16384         512     243.288      567344     1884512        7077       11045
           b    67108864       16384         128       16384        2048     210.334      595008     1859880        7137       10484
           b    67108864       16384         128       16384        8192     233.051     1214776     1892384       12659       11086
           b    67108864       16384         512        1024         512     256.902      697648     1866160       10643       11084
           b    67108864       16384         512        1024        2048     247.279      797728     1864376       11352       11160
           b    67108864       16384         512        1024        8192     271.206     1057104     1876712       14964       11385
           b    67108864       16384         512        4096         128     255.815      707816     1885320        8820       11277
           b    67108864       16384         512        4096         512     229.567      736264     1872176        9010       11102
           b    67108864       16384         512        4096        2048     253.141      833152     1814680       11303       10807
           b    67108864       16384         512        4096        8192     295.182     1282376     1878272       15770       11399
           b    67108864       16384         512       16384         128     327.588      551000     1873432        7334       11199
           b    67108864       16384         512       16384         512     231.494      650456     1864864        7953       11218
           b    67108864       16384         512       16384        2048     212.083      679344     1885568        8027       11312
           b    67108864       16384         512       16384        8192     256.871     1424896     1891864       13364       11493
           b    67108864       16384        2048        1024         128       Error
           b    67108864       16384        2048        1024         512       Error
           b    67108864       16384        2048        1024        2048       Error
           b    67108864       16384        2048        1024        8192       Error
           b    67108864       16384        2048        4096         128       Error
           b    67108864       16384        2048        4096         512       Error
           b    67108864       16384        2048        4096        2048       Error
           b    67108864       16384        2048        4096        8192       Error
           b    67108864       16384        2048       16384         128       Error
           b    67108864       16384        2048       16384         512       Error
           b    67108864       16384        2048       16384        2048       Error
           b    67108864       16384        2048       16384        8192       Error
           b    67108864       65536          32        1024        2048     233.364      693768     2077872        7014        9912
           b    67108864       65536          32        1024        8192     263.324      763408     2157208        8013       10227
           b    67108864       65536          32        4096        2048     244.545      699784     2028120        5711        9643
           b    67108864       65536          32        4096        8192     304.682      755752     2106984        6575       10040
           b    67108864       65536          32       16384        2048     233.820      745056     2091640        5732        9908
           b    67108864       65536          32       16384        8192     309.029      731376     2042520        5679        9751
           b    67108864       65536         128        1024        2048     218.052      694952     1915640        7111        9096
           b    67108864       65536         128        1024        8192     231.941      753328     1919656        7503        9168
           b    67108864       65536         128        4096        2048     241.012     1076064     1936624        7569        9171
           b    67108864       65536         128        4096        8192     237.384      782296     1933864        6661        9190
           b    67108864       65536         128       16384         128     268.621      713488     1918232        5638        9159
           b    67108864       65536         128       16384         512     236.884      786656     1923752        5944        9111
           b    67108864       65536         128       16384        2048     217.977      718912     1925744        5682        9125
           b    67108864       65536         128       16384        8192     247.530      749048     1957464        5846        9320
           b    67108864       65536         512        1024        2048     202.950      742048     1894048        7819        9234
           b    67108864       65536         512        1024        8192     201.366      792432     1886632        7963        9169
           b    67108864       65536         512        4096         128     216.167      708264     1894680        5625        9227
           b    67108864       65536         512        4096         512     198.066      701856     1890752        5575        9218
           b    67108864       65536         512        4096        2048     205.849      748664     1888928        5822        9148
           b    67108864       65536         512        4096        8192     205.386      778656     1886424        6564        9215
           b    67108864       65536         512       16384         128     292.583      749480     1896816        5810        9238
           b    67108864       65536         512       16384         512     221.119      735440     1910736        5751        9307
           b    67108864       65536         512       16384        2048     201.754      758512     1905848        5840        9282
           b    67108864       65536         512       16384        8192     218.583      841792     1889072        6406        9164
           b    67108864      262144          32        1024        8192     290.311      722112     2255792        6227        9903
           b    67108864      262144          32        4096        8192     264.172      696568     2225040        5664        9763
           b    67108864      262144          32       16384        8192     300.214      691400     2224368        5450        9754
           b    67108864      262144         128        1024        8192     191.576      697040     2067400        5836        9031
           b    67108864      262144         128        4096        8192     199.756      691112     2029064        5611        8862
           b    67108864      262144         128       16384         128     194.138      689680     2015432        5425        8812
           b    67108864      262144         128       16384         512     196.647      685112     2058672        5408        9025
           b    67108864      262144         128       16384        2048     195.366      693192     2027224        5464        8874
           b    67108864      262144         128       16384        8192     196.182      703944     2060736        5525        9001
           b    67108864     1048576           8        1024        8192     276.537      690752     3341296        5484       14560
           b    67108864     1048576           8        4096        8192     399.308      686896     3234928        5439       14045
           b    67108864     1048576           8       16384        8192     773.392      698600     3278136        5535       14250
           b    67108864     1048576          32        1024        8192     225.034      675784     2480024        5420       10728
           b    67108864     1048576          32        4096        8192     255.615      685792     2575504        5442       11150
           b    67108864     1048576          32       16384        8192     214.643      685040     2486584        5394       10762
           b    67108864     4194304           8        1024         128     198.290      711288     4208120        5604       17951
           b    67108864     4194304           8        1024         512     209.404      744032     4295224        5860       18379
           b    67108864     4194304           8        1024        2048     268.567      744008     4130376        5858       17649
           b    67108864     4194304           8        1024        8192     384.057      750080     4214288        5914       18032
           b    67108864     4194304           8        4096         128     194.875      687896     4136640        5399       17680
           b    67108864     4194304           8        4096         512     202.584      721536     4084832        5666       17494
           b    67108864     4194304           8        4096        2048     248.693      754232     4236216        5928       18152
           b    67108864     4194304           8        4096        8192     460.921      726560     4556976        5707       19502
           b    67108864     4194304           8       16384         128     198.973      686896     4174016        5393       17912
           b    67108864     4194304           8       16384         512     210.308      685912     4311696        5385       18430
           b    67108864     4194304           8       16384        2048     232.926      735648     4355272        5776       18626
           b    67108864     4194304           8       16384        8192     306.314      727000     4387256        5709       18736
           b    67108864    16777216           2        1024         128     149.586      656600     2132824        5161        9186
           b    67108864    16777216           2        1024         512     146.542      656656     2154384        5160        9274
           b    67108864    16777216           2        1024        2048     147.588      656592     2133920        5160        9188
           b    67108864    16777216           2        1024        8192     146.440      656592     2137256        5160        9203
           b    67108864    16777216           2        4096         128     147.793      656600     2136552        5161        9201
           b    67108864    16777216           2        4096         512     151.323      741864     2140776        7892        9216
           b    67108864    16777216           2        4096        2048     146.167      656600     2162760        5161        9316
           b    67108864    16777216           2        4096        8192     147.659      694128     2196968        6355        9451
           b    67108864    16777216           2       16384         128     150.930      752784     2155688        5912        9275
           b    67108864    16777216           2       16384         512     145.253      656584     2158392        5159        9284
           b    67108864    16777216           2       16384        2048     145.907      656584     2154064        5159        9266
           b    67108864    16777216           2       16384        8192     145.294      656616     2125688        5163        9139
           b   134217728        1024         512        1024         128     Timeout
           b   134217728        1024        2048        1024         128       Error
           b   134217728        4096         512        1024         128     Timeout
           b   134217728        4096         512        1024         512     Timeout
           b   134217728        4096         512        4096         128     Timeout
           b   134217728        4096         512        4096         512     Timeout
           b   134217728        4096        2048        1024         128       Error
           b   134217728        4096        2048        1024         512       Error
           b   134217728        4096        2048        4096         128       Error
           b   134217728        4096        2048        4096         512       Error
           b   134217728       16384         128        1024         128     Timeout
           b   134217728       16384         128        1024         512     Timeout
           b   134217728       16384         128        1024        2048     803.694     6412320     4006064      135672       23934
           b   134217728       16384         128        4096         128     Timeout
           b   134217728       16384         128        4096         512     Timeout
           b   134217728       16384         128        4096        2048     796.658     6352120     4019488      101929       24043
           b   134217728       16384         128       16384         128     Timeout
           b   134217728       16384         128       16384         512     Timeout
           b   134217728       16384         128       16384        2048     687.824     7871392     4020968       64840       23955
           b   134217728       16384         512        1024         128     Timeout
           b   134217728       16384         512        1024         512     Timeout
           b   134217728       16384         512        1024        2048     842.136     6027144     3883656      124345       24131
           b   134217728       16384         512        4096         128     Timeout
           b   134217728       16384         512        4096         512     Timeout
           b   134217728       16384         512        4096        2048     852.550     6223072     3881944       99096       24123
           b   134217728       16384         512       16384         128     Timeout
           b   134217728       16384         512       16384         512     Timeout
           b   134217728       16384         512       16384        2048     735.185     8261184     3874312       65220       23825
           b   134217728       16384        2048        1024         128       Error
           b   134217728       16384        2048        1024         512       Error
           b   134217728       16384        2048        1024        2048       Error
           b   134217728       16384        2048        4096         128       Error
           b   134217728       16384        2048        4096         512       Error
           b   134217728       16384        2048        4096        2048       Error
           b   134217728       16384        2048       16384         128       Error
           b   134217728       16384        2048       16384         512       Error
           b   134217728       16384        2048       16384        2048       Error
           b   134217728       65536         128        1024         512     727.816     4353512     4048112       60990       19681
           b   134217728       65536         128        1024        2048     623.308     3706568     4024816       52143       19275
           b   134217728       65536         128        1024        8192     616.737     4015120     4130976       54914       19930
           b   134217728       65536         128        4096         512     Timeout
           b   134217728       65536         128        4096        2048     841.680    12503688     4104480       74834       19897
           b   134217728       65536         128        4096        8192     602.212     4146016     4073296       38411       19615
           b   134217728       65536         128       16384         128     628.543     3186688     3759632       23913       17713
           b   134217728       65536         128       16384         512     552.968     2937784     3787976       22242       17857
           b   134217728       65536         128       16384        2048     500.407     2585712     3763000       18600       17697
           b   134217728       65536         128       16384        8192     557.486     2514592     3773832       18890       17745
           b   134217728       65536         512        1024         512
           b   134217728    16777216           2        1024         128     421.018     1551744     4445024       12543       18795
           b   134217728    16777216           2        1024         512     524.946     1799576     3926320       38720       16617
           b   134217728    16777216           2        1024        2048     642.345     1601272     4226520       16381       17861