Release mode
Test start

 Stream type    Elements  Block size           d Buffer size  Cache size        Time   I sectors   O sectors    Read ops   Write ops
           m     1048576        1024          32           0        2048       1.791        8704           8          76           1
           m     1048576        1024          32           0        8192       1.794        8464           8          72           1
           m     1048576        1024         128           0        2048       1.792        8464           8          72           1
           m     1048576        1024         128           0        8192       1.782        8464           8          72           1
           m     1048576        1024         512           0        2048       1.753        8464           8          72           1
           m     1048576        1024         512           0        8192       1.759        8464           8          72           1
           m     1048576        4096          32           0        8192       1.629        8464           8          72           1
           m     1048576        4096         128           0        8192       1.488        8464           8          72           1
           m     2097152        1024         128           0         512       3.774       16656           8         136           1
           m     2097152        1024         128           0        2048       3.676       16656           8         136           1
           m     2097152        1024         128           0        8192       3.670       16656           8         136           1
           m     2097152        1024         512           0         512       3.875       16656           8         136           1
           m     2097152        1024         512           0        2048       3.842       16664           8         137           1
           m     2097152        1024         512           0        8192       3.896       16656           8         136           1
           m     2097152        4096          32           0        2048       3.481       16656           8         136           1
           m     2097152        4096          32           0        8192       3.422       16656           8         136           1
           m     2097152        4096         128           0        2048       3.315       16664           8         137           1
           m     2097152        4096         128           0        8192       3.210       16656           8         136           1
           m     2097152       16384          32           0        8192       3.329       16664           8         137           1
           m     4194304        1024         128           0         512       7.760       33320          88         272           4
           m     4194304        1024         128           0        2048       7.517       33040          80         264           4
           m     4194304        1024         128           0        8192       7.575       33040          80         264           4
           m     4194304        1024         512           0         512       8.248       33040          80         264           4
           m     4194304        1024         512           0        2048       8.204       33040          80         264           4
           m     4194304        1024         512           0        8192       8.210       33040          80         264           4
           m     4194304        1024        2048           0         128       9.512       33048          80         265           4
           m     4194304        1024        2048           0         512       9.607       33048          80         265           4
           m     4194304        1024        2048           0        2048       9.649       33040          80         264           4
           m     4194304        1024        2048           0        8192       9.839       33040          80         264           4
           m     4194304        4096          32           0        2048       7.158       33048          80         265           4
           m     4194304        4096          32           0        8192       6.907       33040          80         264           4
           m     4194304        4096         128           0        2048       7.042       33296          80         268           4
           m     4194304        4096         128           0        8192       6.894       33040          80         264           4
           m     4194304        4096         512           0        2048       6.461       33040          80         264           4
           m     4194304        4096         512           0        8192       6.350       33040          80         264           4
           m     4194304       16384          32           0        8192       7.002       33040          80         264           4
           m     4194304       16384         128           0        8192       6.046       33040          80         264           4
           m     8388608        1024         128           0         128      17.472       65808      117352         520        1405
           m     8388608        1024         128           0         512      17.051       65816      115336         521        1281
           m     8388608        1024         128           0        2048      17.140       65816      117416         521        1403
           m     8388608        1024         512           0         128      18.901       65808      109648         520         778
           m     8388608        1024         512           0         512      19.088       65808      109000         520         785
           m     8388608        1024         512           0        2048      19.072       65816      109152         521         764
           m     8388608        1024        2048           0         128      25.138       66072      125464         524        2142
           m     8388608        1024        2048           0         512      25.386       65816      138568         521        1330
           m     8388608        1024        2048           0        2048      24.732       65816      114792         521        1184
           m     8388608        4096         128           0         512      16.058       65816      120976         521         765
           m     8388608        4096         128           0        2048      16.361       65816      117992         521         783
           m     8388608        4096         128           0        8192      15.799       65808      120672         520         761
           m     8388608        4096         512           0         512      15.631       65808      122216         520         758
           m     8388608        4096         512           0        2048      15.813       66056      121072         526         770
           m     8388608        4096         512           0        8192      16.025       65808      119584         520         773
           m     8388608       16384          32           0        2048      15.828       65816      121048         521         558
           m     8388608       16384          32           0        8192      16.169       65808      119664         520         567
           m     8388608       16384         128           0        2048      14.769       65816      102592         521         455
           m     8388608       16384         128           0        8192      15.494       65816      117720         521         556
           m     8388608       65536          32           0        8192      14.617       66040      102616         527         455
           m    16777216        1024         128           0         128      38.029      131344      339800        1032        5485
           m    16777216        1024         128           0         512      40.572      131360      380016        1034        8733
           m    16777216        1024         128           0        2048      37.586      131360      354320        1034        6538
           m    16777216        1024         512           0         128      42.409      131344      351992        1032        6501
           m    16777216        1024         512           0         512      44.776      131352      357144        1033        9013
           m    16777216        1024         512           0        2048      42.409      131600      358264        1035        6599
           m    16777216        1024        2048           0         128      58.801      131344      350544        1032        6318
           m    16777216        1024        2048           0         512      60.413      131352      396336        1033        9660
           m    16777216        1024        2048           0        2048      58.939      131360      350720        1033        6294
           m    16777216        4096         128           0         512      35.010      131608      354264        1037        3198
           m    16777216        4096         128           0        2048      34.973      131360      345632        1034        3199
           m    16777216        4096         128           0        8192      34.264      131352      359056        1033        3793
           m    16777216        4096         512           0         512      34.492      131352      344184        1033        3036
           m    16777216        4096         512           0        2048      35.416      131352      368832        1033        4321
           m    16777216        4096         512           0        8192      34.489      131344      353056        1032        3420
           m    16777216        4096        2048           0         128      35.841      131360      354760        1034        5157
           m    16777216        4096        2048           0         512      34.421      131560      329856        1036        3645
           m    16777216        4096        2048           0        2048      35.504      131360      326840        1034        3680
           m    16777216        4096        2048           0        8192      36.450      131352      345264        1033        4086
           m    16777216       16384          32           0        2048      33.597      131360      358936        1034        2287
           m    16777216       16384          32           0        8192      33.521      131344      352560        1032        1977
           m    16777216       16384         128           0        2048      31.311      131352      345992        1033        1877
           m    16777216       16384         128           0        8192      33.022      131360      348824        1034        2117
           m    16777216       16384         512           0        2048      28.230      131344      336728        1032        1946
           m    16777216       16384         512           0        8192      29.706      131344      333288        1032        2071
           m    16777216       65536          32           0        8192      31.185      131600      343208        1036        1580
           m    16777216       65536         128           0        8192      29.052      131344      366208        1032        1768
           m    16777216     4194304           2           0         128      22.502      131344      236440        1032        1015
           m    16777216     4194304           2           0         512      22.720      131600      280328        1035        1197
           m    16777216     4194304           2           0        2048      23.138      131344      274712        1032        1175
           m    16777216     4194304           2           0        8192      22.619      131600      236504        1036        1013
           m    33554432        1024         512           0         128      93.260      262688      844152        2062       21719
           m    33554432        1024         512           0         512      91.356      262704      822168        2063       22519
           m    33554432        1024        2048           0         128     128.031      262440      834728        2059       19943
           m    33554432        1024        2048           0         512     128.285      262448      824808        2060       21459
           m    33554432        4096         128           0         128      73.153      262696      804296        2063        8762
           m    33554432        4096         128           0         512      71.172      262416      813472        2056        8448
           m    33554432        4096         128           0        2048      74.440      262432      863888        2058       10571
           m    33554432        4096         512           0         128      74.157      262424      847696        2057       10424
           m    33554432        4096         512           0         512      73.439      262416      792032        2056        8861
           m    33554432        4096         512           0        2048      74.580      262672      811488        2060        9887
           m    33554432        4096        2048           0         128      75.787      262424      850648        2057        9463
           m    33554432        4096        2048           0         512      72.468      262432      803960        2058        7747
           m    33554432        4096        2048           0        2048      77.582      262424      793320        2057        8469
           m    33554432       16384         128           0         512      66.369      262432      790936        2058        4896
           m    33554432       16384         128           0        2048      65.523      262688      791832        2061        4842
           m    33554432       16384         128           0        8192      68.318      262432      781128        2058        4764
           m    33554432       16384         512           0         512      62.601      262416      787736        2056        4455
           m    33554432       16384         512           0        2048      65.561      262688      823872        2061        5535
           m    33554432       16384         512           0        8192      63.286      262688      794920        2061        4781
           m    33554432       65536          32           0        2048      63.696      262432      835768        2058        3813
           m    33554432       65536          32           0        8192      66.459      262680      853192        2060        3939
           m    33554432       65536         128           0        2048      60.437      262424      793592        2057        3549
           m    33554432       65536         128           0        8192      60.389      262672      794864        2061        3573
           m    33554432      262144          32           0        8192      60.766      262440      856136        2059        3704
           m    67108864        1024         512           0         128     213.577      598512     2101784        4698      109299
           m    67108864        1024         512           0         512     287.920     1393528     2082248       21205      107439
           m    67108864        1024        2048           0         128     294.494      562288     2059624        4422      101619
           m    67108864        1024        2048           0         512     368.299     1381760     2020264       19886      101856
           m    67108864        4096         128           0         128     180.250      866168     1969544       26765       31412
           m    67108864        4096         128           0         512     178.412      896328     1933880       28353       28610
           m    67108864        4096         128           0        2048     223.628     1283456     2000240       36858       32271
           m    67108864        4096         512           0         128     189.344      857200     1939944       26321       34043
           m    67108864        4096         512           0         512     192.289      890864     1970960       28055       35541
           m    67108864        4096         512           0        2048     209.827     1163192     1952280       29048       34695
           m    67108864        4096        2048           0         128     209.173      887096     1936560       28100       33695
           m    67108864        4096        2048           0         512     209.469      892480     1950056       28632       34819
           m    67108864        4096        2048           0        2048     231.653     1212920     1945832       31831       34384
           m    67108864       16384         128           0         512     170.458     1081960     1896592       10712       13177
           m    67108864       16384         128           0        2048     177.157     1072072     1911552       10894       14049
           m    67108864       16384         128           0        8192     179.411     1204936     1936192       12477       14831
           m    67108864       16384         512           0         512     174.300     1092880     1855416       10860       12971
           m    67108864       16384         512           0        2048     174.088     1117744     1875080       11327       13857
           m    67108864       16384         512           0        8192     183.205     1200752     1911256       12387       14699
           m    67108864       16384        2048           0         128     168.178     1092656     1880680       10763       14541
           m    67108864       16384        2048           0         512     164.809     1160432     1867952       11274       13716
           m    67108864       16384        2048           0        2048     167.637     1174880     1868504       11673       14312
           m    67108864       16384        2048           0        8192     179.308     1343504     1897104       15247       16153
           m    67108864       65536          32           0        2048     155.000      996504     2013888        7876        9561
           m    67108864       65536          32           0        8192     162.511     1054992     2048688        8336       10727
           m    67108864       65536         128           0        2048     152.194     1001528     1885848        7899        9315
           m    67108864       65536         128           0        8192     161.283     1077192     1940768        8491       10103
           m    67108864       65536         512           0        2048     146.699     1018024     1864304        8063        9346
           m    67108864       65536         512           0        8192     148.439     1160464     1874232        9109        9561
           m    67108864      262144          32           0        8192     149.107      890056     2210152        6959        9920
           m    67108864      262144         128           0        8192     138.630      905000     2033128        7079        9159
           m    67108864     1048576           8           0        8192     173.380      822008     3278928        6406       14742
           m    67108864     1048576          32           0        8192     142.449      841144     2574688        6590       11454
           m    67108864     4194304           8           0         128     160.787      792944     4140080        6205       17845
           m    67108864     4194304           8           0         512     157.421      794768     4080704        6221       17672
           m    67108864     4194304           8           0        2048     153.496      793496     3935208        6219       16929
           m    67108864     4194304           8           0        8192     169.129      793944     4267712        6221       20374
           m    67108864    16777216           2           0         128     136.703      656152     2175136        5145        9829
           m    67108864    16777216           2           0         512     135.786      656120     2172496        5144        9374
           m    67108864    16777216           2           0        2048     135.978      656328     2183288        5151        9646
           m    67108864    16777216           2           0        8192     135.207      656112     2176752        5143        9426
           m   134217728        1024         512           0         128     Timeout
           m   134217728        1024        2048           0         128     Timeout
           m   134217728        4096         512           0         128     Timeout
           m   134217728        4096         512           0         512     Timeout
           m   134217728        4096        2048           0         128     Timeout
           m   134217728        4096        2048           0         512     Timeout
           m   134217728       16384         128           0         128     824.692     9349952     4082968      146887       27894
           m   134217728       16384         128           0         512     Timeout
           m   134217728       16384         128           0        2048     666.164     7433840     4028944      109688       27301
           m   134217728       16384         512           0         128     960.705     9959664     3849720      160653       28321
           m   134217728       16384         512           0         512     Timeout
           m   134217728       16384         512           0        2048     699.913     7238760     3932000      106047       30089
           m   134217728       16384        2048           0         128     Timeout
           m   134217728       16384        2048           0         512     Timeout
           m   134217728       16384        2048           0        2048     712.359     7268832     3871440      102280       31012
           m   134217728       65536         128           0         512     465.666     4412712     4044120       49084       20194
           m   134217728       65536         128           0        2048     467.037     4385688     4030216       49065       20684
           m   134217728       65536         128           0        8192