Sanity check for 16FREADInputStreamIjE and 
                 18FWRITEOutputStreamIjE succeeded
Sanity check for 15ReadInputStreamIjE and 
                 17WriteOutputStreamIjE succeeded
Sanity check for 19BufferedInputStreamILm524288EjE and 
                 20BufferedOutputStreamILm524288EjE succeeded
Sanity check for 15MMapInputStreamILm524288EjE and 
                 16MMapOutputStreamILm524288EjE succeeded

--- 19BufferedInputStreamILm524288EjE 20BufferedOutputStreamILm524288EjE sort test ---

               n               M       d   Trials	Min    [s]	Lower  [s]	Median [s]	Upper  [s]	Max [s]
        33554432          262144       4	1	74.247000	74.247000	74.247000	74.247000	74.247000	
        33554432          262144       8	1	48.833000	48.833000	48.833000	48.833000	48.833000	
        33554432          262144      16	1	38.494000	38.494000	38.494000	38.494000	38.494000	
        33554432          262144      32	1	39.128000	39.128000	39.128000	39.128000	39.128000	
        33554432          262144      64	1	33.878000	33.878000	33.878000	33.878000	33.878000	
        33554432          262144     128	1	23.364000	23.364000	23.364000	23.364000	23.364000	
        33554432          524288       4	1	30.946000	30.946000	30.946000	30.946000	30.946000	
        33554432          524288       8	1	27.390000	27.390000	27.390000	27.390000	27.390000	
        33554432          524288      16	1	29.487000	29.487000	29.487000	29.487000	29.487000	
        33554432          524288      32	1	27.596000	27.596000	27.596000	27.596000	27.596000	
        33554432          524288      64	1	17.685000	17.685000	17.685000	17.685000	17.685000	
        33554432         1048576       4	1	33.802000	33.802000	33.802000	33.802000	33.802000	
        33554432         1048576       8	1	32.208000	32.208000	32.208000	32.208000	32.208000	
        33554432         1048576      16	1	30.842000	30.842000	30.842000	30.842000	30.842000	
        33554432         1048576      32	1	20.544000	20.544000	20.544000	20.544000	20.544000	
        33554432         2097152       4	1	26.771000	26.771000	26.771000	26.771000	26.771000	
        33554432         2097152       8	1	23.833000	23.833000	23.833000	23.833000	23.833000	
        33554432         2097152      16	1	22.600000	22.600000	22.600000	22.600000	22.600000	
        33554432         4194304       2	1	30.035000	30.035000	30.035000	30.035000	30.035000	
        33554432         4194304       4	1	28.594000	28.594000	28.594000	28.594000	28.594000	
        33554432         4194304       8	1	17.841000	17.841000	17.841000	17.841000	17.841000	
        33554432         8388608       2	1	23.063000	23.063000	23.063000	23.063000	23.063000	
        33554432         8388608       4	1	20.467000	20.467000	20.467000	20.467000	20.467000	
        33554432        16777216       2	1	31.063000	31.063000	31.063000	31.063000	31.063000	
        67108864          262144       8	1	146.428000	146.428000	146.428000	146.428000	146.428000	
        67108864          262144      16	1	100.061000	100.061000	100.061000	100.061000	100.061000	
        67108864          262144      32	1	121.274000	121.274000	121.274000	121.274000	121.274000	
        67108864          262144      64	1	134.281000	134.281000	134.281000	134.281000	134.281000	
        67108864          262144     128	1	97.422000	97.422000	97.422000	97.422000	97.422000	
        67108864          262144     256	1	75.939000	75.939000	75.939000	75.939000	75.939000	
        67108864          524288       4	1	144.477000	144.477000	144.477000	144.477000	144.477000	
        67108864          524288       8	1	121.847000	121.847000	121.847000	121.847000	121.847000	
        67108864          524288      16	1	105.300000	105.300000	105.300000	105.300000	105.300000	
        67108864          524288      32	1	90.799000	90.799000	90.799000	90.799000	90.799000	
        67108864          524288      64	1	90.532000	90.532000	90.532000	90.532000	90.532000	
        67108864          524288     128	1	64.223000	64.223000	64.223000	64.223000	64.223000	
        67108864         1048576       4	1	105.443000	105.443000	105.443000	105.443000	105.443000	
        67108864         1048576       8	1	89.389000	89.389000	89.389000	89.389000	89.389000	
        67108864         1048576      16	1	92.293000	92.293000	92.293000	92.293000	92.293000	
        67108864         1048576      32	1	93.939000	93.939000	93.939000	93.939000	93.939000	
        67108864         1048576      64	1	68.674000	68.674000	68.674000	68.674000	68.674000	
        67108864         2097152       4	1	113.287000	113.287000	113.287000	113.287000	113.287000	
        67108864         2097152       8	1	90.975000	90.975000	90.975000	90.975000	90.975000	
        67108864         2097152      16	1	90.073000	90.073000	90.073000	90.073000	90.073000	
        67108864         2097152      32	1	69.297000	69.297000	69.297000	69.297000	69.297000	
        67108864         4194304       4	1	89.723000	89.723000	89.723000	89.723000	89.723000	
        67108864         4194304       8	1	93.685000	93.685000	93.685000	93.685000	93.685000	
        67108864         4194304      16	1	68.509000	68.509000	68.509000	68.509000	68.509000	
        67108864         8388608       2	1	117.971000	117.971000	117.971000	117.971000	117.971000	
        67108864         8388608       4	1	90.861000	90.861000	90.861000	90.861000	90.861000	
        67108864         8388608       8	1	69.075000	69.075000	69.075000	69.075000	69.075000	
        67108864        16777216       2	1	90.806000	90.806000	90.806000	90.806000	90.806000	
        67108864        16777216       4	1	68.738000	68.738000	68.738000	68.738000	68.738000	
        67108864        33554432       2	1	65.072000	65.072000	65.072000	65.072000	65.072000	
       134217728          262144       8	1	410.297000	410.297000	410.297000	410.297000	410.297000	
       134217728          262144      16	1	326.747000	326.747000	326.747000	326.747000	326.747000	
       134217728          262144      32	1	262.727000	262.727000	262.727000	262.727000	262.727000	
       134217728          262144      64	1	250.139000	250.139000	250.139000	250.139000	250.139000	
       134217728          262144     128	1	259.981000	259.981000	259.981000	259.981000	259.981000	
       134217728          262144     256	1	304.895000	304.895000	304.895000	304.895000	304.895000	
       134217728          262144     512	1	322.186000	322.186000	322.186000	322.186000	322.186000	
       134217728          524288       8	1	246.932000	246.932000	246.932000	246.932000	246.932000	
       134217728          524288      16	1	191.075000	191.075000	191.075000	191.075000	191.075000	
       134217728          524288      32	1	179.538000	179.538000	179.538000	179.538000	179.538000	
       134217728          524288      64	1	191.260000	191.260000	191.260000	191.260000	191.260000	
       134217728          524288     128	1	191.492000	191.492000	191.492000	191.492000	191.492000	
       134217728          524288     256	1	140.810000	140.810000	140.810000	140.810000	140.810000	
       134217728         1048576       4	1	285.696000	285.696000	285.696000	285.696000	285.696000	
       134217728         1048576       8	1	234.961000	234.961000	234.961000	234.961000	234.961000	
       134217728         1048576      16	1	192.357000	192.357000	192.357000	192.357000	192.357000	
       134217728         1048576      32	1	190.572000	190.572000	190.572000	190.572000	190.572000	
       134217728         1048576      64	1	199.730000	199.730000	199.730000	199.730000	199.730000	
       134217728         1048576     128	1	148.452000	148.452000	148.452000	148.452000	148.452000	
       134217728         2097152       4	1	236.680000	236.680000	236.680000	236.680000	236.680000	
       134217728         2097152       8	1	191.948000	191.948000	191.948000	191.948000	191.948000	
       134217728         2097152      16	1	187.171000	187.171000	187.171000	187.171000	187.171000	
       134217728         2097152      32	1	192.969000	192.969000	192.969000	192.969000	192.969000	
       134217728         2097152      64	1	142.712000	142.712000	142.712000	142.712000	142.712000	
       134217728         4194304       4	1	231.072000	231.072000	231.072000	231.072000	231.072000	
       134217728         4194304       8	1	191.326000	191.326000	191.326000	191.326000	191.326000	
       134217728         4194304      16	1	196.010000	196.010000	196.010000	196.010000	196.010000	
       134217728         4194304      32	1	143.258000	143.258000	143.258000	143.258000	143.258000	
       134217728         8388608       4	1	186.721000	186.721000	186.721000	186.721000	186.721000	
       134217728         8388608       8	1	186.095000	186.095000	186.095000	186.095000	186.095000	
       134217728         8388608      16	1	141.744000	141.744000	141.744000	141.744000	141.744000	
       134217728        16777216       2	1	227.691000	227.691000	227.691000	227.691000	227.691000	
       134217728        16777216       4	1	185.472000	185.472000	185.472000	185.472000	185.472000	
       134217728        16777216       8	1	142.117000	142.117000	142.117000	142.117000	142.117000	
       134217728        33554432       2	1	184.184000	184.184000	184.184000	184.184000	184.184000	
       134217728        33554432       4	1	138.537000	138.537000	138.537000	138.537000	138.537000	
       134217728        67108864       2	1	143.242000	143.242000	143.242000	143.242000	143.242000	
       268435456          524288       8	1	923.287000	923.287000	923.287000	923.287000	923.287000	
       268435456          524288      16	1	643.212000	643.212000	643.212000	643.212000	643.212000	
       268435456          524288      32	1	511.497000	511.497000	511.497000	511.497000	511.497000	
       268435456          524288      64	1	498.310000	498.310000	498.310000	498.310000	498.310000	
       268435456          524288     128	1	492.734000	492.734000	492.734000	492.734000	492.734000	
       268435456          524288     256	1	540.493000	540.493000	540.493000	540.493000	540.493000	
       268435456          524288     512	1	632.030000	632.030000	632.030000	632.030000	632.030000	
       268435456         1048576       8	1	499.540000	499.540000	499.540000	499.540000	499.540000	
       268435456         1048576      16	1	389.138000	389.138000	389.138000	389.138000	389.138000	
       268435456         1048576      32	1	401.940000	401.940000	401.940000	401.940000	401.940000	
       268435456         1048576      64	1	390.291000	390.291000	390.291000	390.291000	390.291000	
       268435456         1048576     128	1	381.948000	381.948000	381.948000	381.948000	381.948000	
       268435456         1048576     256	1	298.776000	298.776000	298.776000	298.776000	298.776000	
       268435456         2097152       4	1	555.391000	555.391000	555.391000	555.391000	555.391000	
       268435456         2097152       8	1	470.456000	470.456000	470.456000	470.456000	470.456000	
       268435456         2097152      16	1	381.151000	381.151000	381.151000	381.151000	381.151000	
       268435456         2097152      32	1	377.310000	377.310000	377.310000	377.310000	377.310000	
       268435456         2097152      64	1	376.558000	376.558000	376.558000	376.558000	376.558000	
       268435456         2097152     128	1	289.307000	289.307000	289.307000	289.307000	289.307000	
       268435456         4194304       4	1	466.214000	466.214000	466.214000	466.214000	466.214000	
       268435456         4194304       8	1	379.079000	379.079000	379.079000	379.079000	379.079000	
       268435456         4194304      16	1	378.708000	378.708000	378.708000	378.708000	378.708000	
       268435456         4194304      32	1	382.750000	382.750000	382.750000	382.750000	382.750000	
       268435456         4194304      64	1	288.356000	288.356000	288.356000	288.356000	288.356000	
       268435456         8388608       4	1	470.956000	470.956000	470.956000	470.956000	470.956000	
       268435456         8388608       8	1	378.083000	378.083000	378.083000	378.083000	378.083000	
       268435456         8388608      16	1	378.782000	378.782000	378.782000	378.782000	378.782000	
       268435456         8388608      32	1	294.542000	294.542000	294.542000	294.542000	294.542000	
       268435456        16777216       4	1	390.777000	390.777000	390.777000	390.777000	390.777000	
       268435456        16777216       8	1	372.414000	372.414000	372.414000	372.414000	372.414000	
       268435456        16777216      16	1	286.795000	286.795000	286.795000	286.795000	286.795000	
       268435456        33554432       2	1	450.792000	450.792000	450.792000	450.792000	450.792000	
       268435456        33554432       4	1	365.879000	365.879000	365.879000	365.879000	365.879000	
       268435456        33554432       8	1	276.994000	276.994000	276.994000	276.994000	276.994000	
       268435456        67108864       2	1	374.498000	374.498000	374.498000	374.498000	374.498000	
       268435456        67108864       4	1	289.355000	289.355000	289.355000	289.355000	289.355000	
       268435456       134217728       2	1	296.726000	296.726000	296.726000	296.726000	296.726000	
       536870912         2097152       8	1	1286.714000	1286.714000	1286.714000	1286.714000	1286.714000	
       536870912         2097152      16	1	781.753000	781.753000	781.753000	781.753000	781.753000	
       536870912         2097152      32	1	771.581000	771.581000	771.581000	771.581000	771.581000	
       536870912         2097152      64	1	765.610000	765.610000	765.610000	765.610000	765.610000	
       536870912         2097152     128	1	827.580000	827.580000	827.580000	827.580000	827.580000	
       536870912         2097152     256	1	655.711000	655.711000	655.711000	655.711000	655.711000	
       536870912         4194304       4	1	1145.844000	1145.844000	1145.844000	1145.844000	1145.844000	
       536870912         4194304       8	1	945.412000	945.412000	945.412000	945.412000	945.412000	
       536870912         4194304      16	1	758.032000	758.032000	758.032000	758.032000	758.032000	
       536870912         4194304      32	1	760.836000	760.836000	760.836000	760.836000	760.836000	
       536870912         4194304      64	1	757.704000	757.704000	757.704000	757.704000	757.704000	
       536870912         4194304     128	1	576.754000	576.754000	576.754000	576.754000	576.754000	
       536870912         8388608       4	1	935.092000	935.092000	935.092000	935.092000	935.092000	
       536870912         8388608       8	1	760.929000	760.929000	760.929000	760.929000	760.929000	
       536870912         8388608      16	1	768.318000	768.318000	768.318000	768.318000	768.318000	