       268435456          524288       8	1	923.287000	923.287000	923.287000	923.287000	923.287000	
       268435456          524288      16	1	643.212000	643.212000	643.212000	643.212000	643.212000	
       268435456          524288      32	1	511.497000	511.497000	511.497000	511.497000	511.497000	
       268435456          524288      64	1	498.310000	498.310000	498.310000	498.310000	498.310000	
       268435456          524288     128	1	492.734000	492.734000	492.734000	492.734000	492.734000	
       268435456          524288     256	1	540.493000	540.493000	540.493000	540.493000	540.493000	
       268435456          524288     512	1	632.030000	632.030000	632.030000	632.030000	632.030000	


       268435456         1048576       8	1	499.540000	499.540000	499.540000	499.540000	499.540000	
       268435456         1048576      16	1	389.138000	389.138000	389.138000	389.138000	389.138000	
       268435456         1048576      32	1	401.940000	401.940000	401.940000	401.940000	401.940000	
       268435456         1048576      64	1	390.291000	390.291000	390.291000	390.291000	390.291000	
       268435456         1048576     128	1	381.948000	381.948000	381.948000	381.948000	381.948000	
       268435456         1048576     256	1	298.776000	298.776000	298.776000	298.776000	298.776000	


       268435456         2097152       4	1	555.391000	555.391000	555.391000	555.391000	555.391000	
       268435456         2097152       8	1	470.456000	470.456000	470.456000	470.456000	470.456000	
       268435456         2097152      16	1	381.151000	381.151000	381.151000	381.151000	381.151000	
       268435456         2097152      32	1	377.310000	377.310000	377.310000	377.310000	377.310000	
       268435456         2097152      64	1	376.558000	376.558000	376.558000	376.558000	376.558000	
       268435456         2097152     128	1	289.307000	289.307000	289.307000	289.307000	289.307000	


       268435456         4194304       4	1	466.214000	466.214000	466.214000	466.214000	466.214000	
       268435456         4194304       8	1	379.079000	379.079000	379.079000	379.079000	379.079000	
       268435456         4194304      16	1	378.708000	378.708000	378.708000	378.708000	378.708000	
       268435456         4194304      32	1	382.750000	382.750000	382.750000	382.750000	382.750000	
       268435456         4194304      64	1	288.356000	288.356000	288.356000	288.356000	288.356000	


       268435456         8388608       4	1	470.956000	470.956000	470.956000	470.956000	470.956000	
       268435456         8388608       8	1	378.083000	378.083000	378.083000	378.083000	378.083000	
       268435456         8388608      16	1	378.782000	378.782000	378.782000	378.782000	378.782000	
       268435456         8388608      32	1	294.542000	294.542000	294.542000	294.542000	294.542000	


       268435456        16777216       4	1	390.777000	390.777000	390.777000	390.777000	390.777000	
       268435456        16777216       8	1	372.414000	372.414000	372.414000	372.414000	372.414000	
       268435456        16777216      16	1	286.795000	286.795000	286.795000	286.795000	286.795000	


       268435456        33554432       2	1	450.792000	450.792000	450.792000	450.792000	450.792000	
       268435456        33554432       4	1	365.879000	365.879000	365.879000	365.879000	365.879000	
       268435456        33554432       8	1	276.994000	276.994000	276.994000	276.994000	276.994000	


       268435456        67108864       2	1	374.498000	374.498000	374.498000	374.498000	374.498000	
       268435456        67108864       4	1	289.355000	289.355000	289.355000	289.355000	289.355000	


       268435456       134217728       2	1	296.726000	296.726000	296.726000	296.726000	296.726000	