       268435456         1048576       4	1	643.382000	643.382000	643.382000	643.382000	643.382000	
       268435456         1048576       8	1	464.593000	464.593000	464.593000	464.593000	464.593000	
       268435456         1048576      16	1	378.097000	378.097000	378.097000	378.097000	378.097000	
       268435456         1048576      32	1	389.907000	389.907000	389.907000	389.907000	389.907000	
       268435456         1048576      64	1	377.005000	377.005000	377.005000	377.005000	377.005000	
       268435456         1048576     128	1	376.778000	376.778000	376.778000	376.778000	376.778000	
       268435456         1048576     256	1	288.968000	288.968000	288.968000	288.968000	288.968000


       268435456         2097152       4	1	545.068000	545.068000	545.068000	545.068000	545.068000	
       268435456         2097152       8	1	467.054000	467.054000	467.054000	467.054000	467.054000	
       268435456         2097152      16	1	376.134000	376.134000	376.134000	376.134000	376.134000	
       268435456         2097152      32	1	372.760000	372.760000	372.760000	372.760000	372.760000	
       268435456         2097152      64	1	374.062000	374.062000	374.062000	374.062000	374.062000	
       268435456         2097152     128	1	287.941000	287.941000	287.941000	287.941000	287.941000	


       268435456         4194304       4	1	473.596000	473.596000	473.596000	473.596000	473.596000	
       268435456         4194304       8	1	388.171000	388.171000	388.171000	388.171000	388.171000	
       268435456         4194304      16	1	379.739000	379.739000	379.739000	379.739000	379.739000	
       268435456         4194304      32	1	376.672000	376.672000	376.672000	376.672000	376.672000	
       268435456         4194304      64	1	285.029000	285.029000	285.029000	285.029000	285.029000	


       268435456         8388608       4	1	455.330000	455.330000	455.330000	455.330000	455.330000	
       268435456         8388608       8	1	371.678000	371.678000	371.678000	371.678000	371.678000	
       268435456         8388608      16	1	382.539000	382.539000	382.539000	382.539000	382.539000	
       268435456         8388608      32	1	286.181000	286.181000	286.181000	286.181000	286.181000	


       268435456        16777216       4	1	375.260000	375.260000	375.260000	375.260000	375.260000	
       268435456        16777216       8	1	374.078000	374.078000	374.078000	374.078000	374.078000	
       268435456        16777216      16	1	286.329000	286.329000	286.329000	286.329000	286.329000	


       268435456        33554432       2	1	464.695000	464.695000	464.695000	464.695000	464.695000	
       268435456        33554432       4	1	365.829000	365.829000	365.829000	365.829000	365.829000	
       268435456        33554432       8	1	276.167000	276.167000	276.167000	276.167000	276.167000	


       268435456        67108864       2	1	376.095000	376.095000	376.095000	376.095000	376.095000	
       268435456        67108864       4	1	286.361000	286.361000	286.361000	286.361000	286.361000	


       268435456       134217728       2	1	412.630000	412.630000	412.630000	412.630000	412.630000