               n               M       d   Trials       Min    [s]      Lower  [s]      Median [s]      Upper  [s]      Max [s]
        33554432        16777216       2        3       9.972000        9.972000        11.202000       11.202000       13.014000
        33554432        16777216       4        3       10.704000       10.704000       13.312000       13.312000       14.395000
        33554432        16777216       8        3       11.151000       11.151000       11.712000       11.712000       14.684000
        33554432        16777216      16        3       10.777000       10.777000       11.440000       11.440000       13.831000
        33554432        16777216      32        3       11.244000       11.244000       12.723000       12.723000       12.878000
        33554432        16777216      64        3       10.312000       10.312000       13.101000       13.101000       13.968000
        33554432        16777216     128        3       10.784000       10.784000       11.171000       11.171000       14.402000
        33554432        33554432       2        3       6.001000        6.001000        6.658000        6.658000        10.482000
        33554432        33554432       4        3       6.013000        6.013000        6.043000        6.043000        6.295000
        33554432        33554432       8        3       6.041000        6.041000        6.339000        6.339000        6.367000
        33554432        33554432      16        3       6.004000        6.004000        6.007000        6.007000        6.396000
        33554432        33554432      32        3       5.999000        5.999000        6.030000        6.030000        6.039000
        33554432        33554432      64        3       5.981000        5.981000        6.009000        6.009000        6.011000
        33554432        33554432     128        3       5.999000        5.999000        6.008000        6.008000        6.015000
        33554432        67108864       2        3       6.006000        6.006000        6.014000        6.014000        6.337000
        33554432        67108864       4        3       6.012000        6.012000        6.015000        6.015000        6.048000
        33554432        67108864       8        3       6.004000        6.004000        6.090000        6.090000        6.452000
        33554432        67108864      16        3       6.006000        6.006000        6.022000        6.022000        6.023000
        33554432        67108864      32        3       6.006000        6.006000        6.014000        6.014000        6.023000
        33554432        67108864      64        3       5.999000        5.999000        6.002000        6.002000        6.009000
        33554432        67108864     128        3       6.001000        6.001000        6.004000        6.004000        6.004000
        33554432       134217728       2        3       5.999000        5.999000        6.003000        6.003000        6.011000
        33554432       134217728       4        3       5.999000        5.999000        6.008000        6.008000        6.018000
        33554432       134217728       8        3       5.999000        5.999000        6.000000        6.000000        6.183000
        33554432       134217728      16        3       6.004000        6.004000        6.007000        6.007000        6.021000
        33554432       134217728      32        3       6.004000        6.004000        6.016000        6.016000        6.057000
        33554432       134217728      64        3       5.975000        5.975000        6.061000        6.061000        6.573000
        33554432       134217728     128        3       6.004000        6.004000        6.004000        6.004000        6.017000
        33554432       268435456       2        3       5.990000        5.990000        5.996000        5.996000        6.009000
        33554432       268435456       4        3       6.004000        6.004000        6.009000        6.009000        6.435000
        33554432       268435456       8        3       5.996000        5.996000        6.000000        6.000000        6.006000
        33554432       268435456      16        3       5.992000        5.992000        6.001000        6.001000        6.002000
        33554432       268435456      32        3       6.003000        6.003000        6.372000        6.372000        6.667000
        33554432       268435456      64        3       6.003000        6.003000        6.005000        6.005000        6.007000
        33554432       268435456     128        3       6.002000        6.002000        6.006000        6.006000        6.011000
        67108864        16777216       2        3       55.191000       55.191000       63.190000       63.190000       64.812000
        67108864        16777216       4        3       59.958000       59.958000       70.068000       70.068000       74.305000
        67108864        16777216       8        3       62.032000       62.032000       62.907000       62.907000       69.259000
        67108864        16777216      16        3       54.292000       54.292000       67.390000       67.390000       92.917000
        67108864        16777216      32        3       54.367000       54.367000       74.847000       74.847000       89.730000
        67108864        16777216      64        3       57.041000       57.041000       66.423000       66.423000       88.668000
        67108864        16777216     128        3       57.016000       57.016000       65.715000       65.715000       72.080000
        67108864        33554432       2        3       41.727000       41.727000       54.575000       54.575000       61.684000
        67108864        33554432       4        3       48.384000       48.384000       72.286000       72.286000       73.622000
        67108864        33554432       8        3       43.743000       43.743000       57.524000       57.524000       86.611000
        67108864        33554432      16        3       45.926000       45.926000       67.298000       67.298000       88.830000
        67108864        33554432      32        3       42.918000       42.918000       44.993000       44.993000       71.482000
        67108864        33554432      64        3       41.352000       41.352000       79.278000       79.278000       102.651000
        67108864        33554432     128        3       56.741000       56.741000       81.246000       81.246000       88.098000
        67108864        67108864       2        3       24.938000       24.938000       31.128000       31.128000       41.961000
        67108864        67108864       4        3       25.154000       25.154000       44.145000       44.145000       61.832000
        67108864        67108864       8        3       28.709000       28.709000       36.881000       36.881000       48.711000
        67108864        67108864      16        3       28.845000       28.845000       32.803000       32.803000       55.440000
        67108864        67108864      32        3       26.821000       26.821000       37.411000       37.411000       51.256000
        67108864        67108864      64        3       26.304000       26.304000       42.035000       42.035000       44.022000
        67108864        67108864     128        3       27.627000       27.627000       45.445000       45.445000       48.745000
        67108864       134217728       2        3       26.660000       26.660000       41.904000       41.904000       43.688000
        67108864       134217728       4        3       25.013000       25.013000       39.827000       39.827000       43.608000
        67108864       134217728       8        3       26.512000       26.512000       39.800000       39.800000       46.259000
        67108864       134217728      16        3       27.620000       27.620000       28.495000       28.495000       41.762000
        67108864       134217728      32        3       28.001000       28.001000       41.296000       41.296000       44.254000
        67108864       134217728      64        3       27.562000       27.562000       31.145000       31.145000       42.083000
        67108864       134217728     128        3       27.904000       27.904000       40.552000       40.552000       46.458000
        67108864       268435456       2        3       28.345000       28.345000       41.952000       41.952000       44.305000
        67108864       268435456       4        3       24.938000       24.938000       33.153000       33.153000       46.358000
        67108864       268435456       8        3       40.848000       40.848000       43.985000       43.985000       45.735000
        67108864       268435456      16        3       26.464000       26.464000       32.227000       32.227000       39.977000
        67108864       268435456      32        3       29.704000       29.704000       32.378000       32.378000       44.408000
        67108864       268435456      64        3       26.887000       26.887000       41.152000       41.152000       50.901000
        67108864       268435456     128        3       31.562000       31.562000       33.895000       33.895000       48.116000
       134217728        16777216       2        3       448.743000      448.743000      451.568000      451.568000      533.641000
       134217728        16777216       4        3       508.802000      508.802000      604.446000      604.446000      651.635000
       134217728        16777216       8        3       579.341000      579.341000      613.100000      613.100000      746.451000
       134217728        16777216      16        3       574.378000      574.378000      758.060000      758.060000      786.045000
       134217728        16777216      32        3       552.295000      552.295000      601.197000      601.197000      651.877000
       134217728        16777216      64        3       655.031000      655.031000      772.580000      772.580000      777.082000
       134217728        16777216     128        3       618.151000      618.151000      620.352000      620.352000      705.388000
       134217728        33554432       2        3       454.702000      454.702000      546.654000      546.654000      633.515000
       134217728        33554432       4        3       444.244000      444.244000      475.140000      475.140000      532.126000
       134217728        33554432       8        3       493.504000      493.504000      501.220000      501.220000      546.146000
       134217728        33554432      16        3       468.033000      468.033000      478.906000      478.906000      499.545000
       134217728        33554432      32        3       439.678000      439.678000      484.080000      484.080000      611.779000
       134217728        33554432      64        3       454.573000      454.573000      545.405000      545.405000      599.688000
       134217728        33554432     128        3       469.949000      469.949000      505.952000      505.952000      510.469000
       134217728        67108864       2        3       379.453000      379.453000      382.222000      382.222000      431.138000
       134217728        67108864       4        3       367.297000      367.297000      372.354000      372.354000      387.736000
       134217728        67108864       8        3       400.550000      400.550000      415.032000      415.032000      444.934000
       134217728        67108864      16        3       391.910000      391.910000      481.780000      481.780000      524.334000
       134217728        67108864      32        3       384.890000      384.890000      395.410000      395.410000      447.288000
       134217728        67108864      64        3       414.507000      414.507000      429.705000      429.705000      446.300000
       134217728        67108864     128        3       393.043000      393.043000      450.068000      450.068000      546.633000
       134217728       134217728       2        3       314.838000      314.838000      352.841000      352.841000      374.864000
       134217728       134217728       4        3       346.025000      346.025000      357.248000      357.248000      431.898000
       134217728       134217728       8        3       373.929000      373.929000      381.786000      381.786000      558.644000
       134217728       134217728      16        3       366.755000      366.755000      384.003000      384.003000      387.019000
       134217728       134217728      32        3       309.080000      309.080000      335.442000      335.442000      440.645000
       134217728       134217728      64        3       315.729000      315.729000      332.916000      332.916000      377.996000
       134217728       134217728     128        3       346.375000      346.375000      349.224000      349.224000      370.920000
       134217728       268435456       2        3       321.256000      321.256000      342.618000      342.618000      410.547000
       134217728       268435456       4        3       343.500000      343.500000      348.158000      348.158000      352.534000
       134217728       268435456       8        3       325.544000      325.544000      341.417000      341.417000      356.694000
       134217728       268435456      16        3       315.330000      315.330000      377.702000      377.702000      392.043000
       134217728       268435456      32        3       340.534000      340.534000      386.359000      386.359000      390.777000
       134217728       268435456      64        3       345.627000      345.627000      348.358000      348.358000      364.206000
       134217728       268435456     128        3       335.326000      335.326000      373.021000      373.021000      381.588000
       268435456        16777216       2        3       1731.735000     1731.735000     1779.386000     1779.386000     2064.445000
       268435456        16777216       4        3       1743.750000     1743.750000     1751.253000     1751.253000     1941.604000