Release mode
Test start

 Stream type    Elements  Block size           d Buffer size  Cache size        Time   I sectors   O sectors    Read ops   Write ops
           m     1048576        1024          32           0        2048       1.819        8712           8          75           1
           m     1048576        1024          32           0        8192       1.795        8736           8          77           1
           m     1048576        1024         128           0        2048       1.770        8464           8          72           1
           m     1048576        1024         128           0        8192       1.782        8464           8          72           1
           m     1048576        1024         512           0        2048       1.740        8472           8          73           1
           m     1048576        1024         512           0        8192       1.750        8464           8          72           1
           m     1048576        4096          32           0        8192       1.659        8472           8          73           1
           m     1048576        4096         128           0        8192       1.497        8472           8          73           1
           b     1048576        1024          32        1024        2048       2.458        8512           8          73           1
           b     1048576        1024          32        1024        8192       2.474        8504           8          72           1
           b     1048576        1024         128        1024        2048       2.680        8504           8          72           1
           b     1048576        1024         128        1024        8192       2.679        8504           8          72           1
           b     1048576        1024         512        1024        2048       2.735        8512           8          73           1
           b     1048576        1024         512        1024        8192       2.764        8504           8          72           1
           b     1048576        4096          32        1024        8192       2.871        8504           8          72           1
           b     1048576        4096          32        4096        8192       2.296        8512           8          73           1
           b     1048576        4096         128        1024        8192       2.504        8504           8          72           1
           b     1048576        4096         128        4096        8192       2.203        8512           8          73           1
           f     1048576        1024          32           0        2048      15.770        8496         160          72           8
           f     1048576        1024          32           0        8192      17.556        8496         144          72           8
           f     1048576        1024         128           0        2048      14.973        8496         112          72           6
           f     1048576        1024         128           0        8192      14.631        8496         112          72           6
           f     1048576        1024         512           0        2048      13.441        8496         112          72           6
           f     1048576        1024         512           0        8192      13.123        8496         112          72           6
           f     1048576        4096          32           0        8192      15.715        8504         144          73           8
           f     1048576        4096         128           0        8192      13.527        8496         112          72           6
           m     2097152        1024         128           0         512       3.780       16656           8         136           1
           m     2097152        1024         128           0        2048       3.685       16656           8         136           1
           m     2097152        1024         128           0        8192       3.686       16656           8         136           1
           m     2097152        1024         512           0         512       3.889       16656           8         136           1
           m     2097152        1024         512           0        2048       3.835       16656           8         136           1
           m     2097152        1024         512           0        8192       3.866       16656           8         136           1
           m     2097152        4096          32           0        2048       3.490       16664           8         137           1
           m     2097152        4096          32           0        8192       3.402       16656           8         136           1
           m     2097152        4096         128           0        2048       3.319       16656           8         136           1
           m     2097152        4096         128           0        8192       3.267       16928           8         141           1
           m     2097152       16384          32           0        8192       3.180       16656           8         136           1
           b     2097152        1024         128        1024         512       Error
           b     2097152        1024         128        1024        2048       5.454       16704          80         137           4
           b     2097152        1024         128        1024        8192       5.465       16696          80         136           4
           b     2097152        1024         512        1024         512       Error
           b     2097152        1024         512        1024        2048       6.072       16696          80         136           4
           b     2097152        1024         512        1024        8192       6.070       16696          80         136           4
           b     2097152        4096          32        1024        2048       6.423       16696          80         136           4
           b     2097152        4096          32        1024        8192       5.280       16696          72         136           3
           b     2097152        4096          32        4096        2048       Error
           b     2097152        4096          32        4096        8192       4.798       16696           8         136           1
           b     2097152        4096         128        1024        2048       5.834       16952          80         141           4
           b     2097152        4096         128        1024        8192       5.355       16696          80         136           4
           b     2097152        4096         128        4096        2048       Error
           b     2097152        4096         128        4096        8192       4.846       16696           8         136           1
           b     2097152       16384          32        1024        8192       8.953       16696          80         136           4
           b     2097152       16384          32        4096        8192       5.839       16696          80         136           4
           b     2097152       16384          32       16384        8192       6.115       16696          80         136           4
           f     2097152        1024         128           0         512      31.601       16688         264         136          17
           f     2097152        1024         128           0        2048      30.284       16688         264         136          17
           f     2097152        1024         128           0        8192      30.025       16688         232         136          15
           f     2097152        1024         512           0         512      30.612       16688         264         136          17
           f     2097152        1024         512           0        2048      29.721       16704         200         138          12
           f     2097152        1024         512           0        8192      29.368       16688         200         136          12
           f     2097152        4096          32           0        2048      33.924       16688         264         136          17
           f     2097152        4096          32           0        8192      32.620       16688         264         136          17
           f     2097152        4096         128           0        2048      30.762       16688         264         136          17
           f     2097152        4096         128           0        8192      30.289       16688         264         136          17
           f     2097152       16384          32           0        8192      33.264       16688         264         136          17
           m     4194304        1024         128           0         512       7.722       33040          80         264           4
           m     4194304        1024         128           0        2048       7.538       33040          80         264           4
           m     4194304        1024         128           0        8192       7.652       33040          80         264           4
           m     4194304        1024         512           0         512       8.212       33048          80         265           4
           m     4194304        1024         512           0        2048       8.271       33040          80         264           4
           m     4194304        1024         512           0        8192       8.249       33040          80         264           4
           m     4194304        1024        2048           0         128       9.461       33048          80         265           4
           m     4194304        1024        2048           0         512       9.681       33304          80         270           4
           m     4194304        1024        2048           0        2048       9.672       33048          80         265           4
           m     4194304        1024        2048           0        8192       9.853       33040          80         264           4
           m     4194304        4096          32           0        2048       7.171       33304          80         270           4
           m     4194304        4096          32           0        8192       6.957       33040          80         264           4
           m     4194304        4096         128           0        2048       7.020       33296          80         269           4
           m     4194304        4096         128           0        8192       6.827       33040          80         264           4
           m     4194304        4096         512           0        2048       6.519       33312          80         271           4
           m     4194304        4096         512           0        8192       6.343       33040          80         264           4
           m     4194304       16384          32           0        8192       6.894       33040          80         264           4
           m     4194304       16384         128           0        8192       6.151       33040          80         264           4
           b     4194304        1024         128        1024         512       Error
           b     4194304        1024         128        1024        2048      10.937       33080         112         264           6
           b     4194304        1024         128        1024        8192      11.009       33088         112         265           6
           b     4194304        1024         512        1024         512       Error
           b     4194304        1024         512        1024        2048      13.050       33080         112         264           6
           b     4194304        1024         512        1024        8192      12.834       33088         112         265           6
           b     4194304        1024        2048        1024         128       Error
           b     4194304        1024        2048        1024         512       Error
           b     4194304        1024        2048        1024        2048       Error
           b     4194304        1024        2048        1024        8192       Error
           b     4194304        4096          32        1024        2048      12.716       33080         112         264           6
           b     4194304        4096          32        1024        8192      10.882       33088         112         265           6
           b     4194304        4096          32        4096        2048       Error
           b     4194304        4096          32        4096        8192       9.513       33088          80         265           4
           b     4194304        4096         128        1024        2048      13.344       33088         112         265           6
           b     4194304        4096         128        1024        8192      11.114       33080         112         264           6
           b     4194304        4096         128        4096        2048       Error
           b     4194304        4096         128        4096        8192      10.002       33080          80         264           4
           b     4194304        4096         512        1024        2048      12.248       33080         112         264           6
           b     4194304        4096         512        1024        8192      10.868       33080         112         264           6
           b     4194304        4096         512        4096         128       Error
           b     4194304        4096         512        4096         512       Error
           b     4194304        4096         512        4096        2048       Error
           b     4194304        4096         512        4096        8192       9.706       33080          80         264           4
           b     4194304       16384          32        1024        8192      16.899       33080         144         264           8
           b     4194304       16384          32        4096        8192      16.135       33080         144         264           8
           b     4194304       16384          32       16384        8192      11.809       33096         112         266           6
           b     4194304       16384         128        1024        8192      11.216       33080         112         264           6
           b     4194304       16384         128        4096        8192      12.463       33080         112         264           6
           b     4194304       16384         128       16384         128      14.922       33080         112         264           6
           b     4194304       16384         128       16384         512       Error
           b     4194304       16384         128       16384        2048       9.237       33080          80         264           4
           b     4194304       16384         128       16384        8192       9.790       33080          80         264           4
           f     4194304        1024         128           0         512      67.138       33072       56872         264         926
           f     4194304        1024         128           0        2048      62.794       33080       57392         265         944
           f     4194304        1024         128           0        8192      64.065       33072       57808         264         993
           f     4194304        1024         512           0         512      64.066       33336       58360         268        1027
           f     4194304        1024         512           0        2048      62.458       33080       59560         265        1089
           f     4194304        1024         512           0        8192      61.026       33072       59608         264        1076
           f     4194304        1024        2048           0         128       Error
           f     4194304        1024        2048           0         512       Error
           f     4194304        1024        2048           0        2048       Error
           f     4194304        1024        2048           0        8192       Error
           f     4194304        4096          32           0        2048      69.350       33080       55216         265         358
           f     4194304        4096          32           0        8192      65.238       33072       56568         264         384
           f     4194304        4096         128           0        2048      64.283       33080       57344         265         436
           f     4194304        4096         128           0        8192      62.631       33072       57432         264         441
           f     4194304        4096         512           0        2048      56.858       33072       58176         264         412
           f     4194304        4096         512           0        8192      57.050       33072       58888         264         422
           f     4194304       16384          32           0        8192      70.317       33080       55224         265         283
           f     4194304       16384         128           0        8192      58.479       33072       51936         264         253
           m     8388608        1024         128           0         128      17.340       65816      118176         521        1437
           m     8388608        1024         128           0         512      17.577       65816      116536         521        1401
           m     8388608        1024         128           0        2048      17.345       65816      116816         521        1369
           m     8388608        1024         512           0         128      18.718       65816      109624         521         783
           m     8388608        1024         512           0         512      19.100       65816      108944         521         752
           m     8388608        1024         512           0        2048      18.525       65816      109664         521         741
           m     8388608        1024        2048           0         128      25.274       65816      138400         521        1301
           m     8388608        1024        2048           0         512      24.846       65816      123664         521        2291
           m     8388608        1024        2048           0        2048      24.830       65816      114752         521        1193
           m     8388608        4096         128           0         512      15.952       65816      119696         521         769
           m     8388608        4096         128           0        2048      16.305       65808      118536         520         771
           m     8388608        4096         128           0        8192      16.321       65816      120368         521         755
           m     8388608        4096         512           0         512      15.573       65816      122296         521         763
           m     8388608        4096         512           0        2048      16.305       65824      120072         522         765
           m     8388608        4096         512           0        8192      15.640       66088      121096         526         770
           m     8388608       16384          32           0        2048      15.916       65816      118496         521         566
           m     8388608       16384          32           0        8192      16.076       65824      116896         522         563
           m     8388608       16384         128           0        2048      14.843       65808      102392         520         458
           m     8388608       16384         128           0        8192      15.045       65808       95504         520         449
           m     8388608       65536          32           0        8192      14.756       65808       97632         520         437
           b     8388608        1024         128        1024         128       Error
           b     8388608        1024         128        1024         512       Error
           b     8388608        1024         128        1024        2048      23.701       65848      124960         520        1724
           b     8388608        1024         512        1024         128       Error
           b     8388608        1024         512        1024         512       Error
           b     8388608        1024         512        1024        2048      28.024       65848      104864         520        1311
           b     8388608        1024        2048        1024         128       Error
           b     8388608        1024        2048        1024         512       Error
           b     8388608        1024        2048        1024        2048       Error
           b     8388608        4096         128        1024         512      27.227       65848      121064         520         888
           b     8388608        4096         128        1024        2048      27.368       65856      117856         521         843
           b     8388608        4096         128        1024        8192      24.653       65848      116224         520         830
           b     8388608        4096         128        4096         512       Error
           b     8388608        4096         128        4096        2048       Error
           b     8388608        4096         128        4096        8192      22.276       65848      124848         520         794
           b     8388608        4096         512        1024         512      25.854       65856      139576         521         824
           b     8388608        4096         512        1024        2048      26.376       65848      119272         520         819
           b     8388608        4096         512        1024        8192      24.863       65856      108264         521         586
           b     8388608        4096         512        4096         128       Error
           b     8388608        4096         512        4096         512       Error
           b     8388608        4096         512        4096        2048       Error
           b     8388608        4096         512        4096        8192      23.321       65848      113152         520         708
           b     8388608       16384          32        1024        2048      27.464       65856      143096         521         653
           b     8388608       16384          32        1024        8192      30.218       65856      145368         521         667
           b     8388608       16384          32        4096        2048      29.703       65856      140320         521         638
           b     8388608       16384          32        4096        8192      37.177       65848      176024         520         811
           b     8388608       16384          32       16384        2048       Error
           b     8388608       16384          32       16384        8192      28.016       65848       96280         520         452
           b     8388608       16384         128        1024        2048      24.878       65848      137544         520         623
           b     8388608       16384         128        1024        8192      26.330       65848      138400         520         637
           b     8388608       16384         128        4096        2048      25.433       65856      140576         521         644
           b     8388608       16384         128        4096        8192      26.117       66112      116568         526         562
           b     8388608       16384         128       16384         128       Error
           b     8388608       16384         128       16384         512       Error
           b     8388608       16384         128       16384        2048      22.047       65848       99344         520         469
           b     8388608       16384         128       16384        8192      24.172       65848      137312         520         622
           b     8388608       65536          32        1024        8192      31.938       65848       97152         520         440
           b     8388608       65536          32        4096        8192      25.872       65848       95600         520         430
           b     8388608       65536          32       16384        8192      42.423       65848      125752         520         553
           f     8388608        1024         128           0         128     140.313       65848      175032         521        1977
           f     8388608        1024         128           0         512     136.294       65848      178448         521        2216
           f     8388608        1024         128           0        2048     129.938       65848      182976         521        2304
           f     8388608        1024         512           0         128     135.512       66104      174952         526        2117
           f     8388608        1024         512           0         512     133.397       65848      176000         521        2256
           f     8388608        1024         512           0        2048     125.839       65848      139600         521        1707
           f     8388608        1024        2048           0         128       Error
           f     8388608        1024        2048           0         512       Error
           f     8388608        1024        2048           0        2048       Error
           f     8388608        4096         128           0         512     137.350       65848      177832         521         978
           f     8388608        4096         128           0        2048     142.356       66096      126296         525         649
           f     8388608        4096         128           0        8192     132.101       65848      179496         521        1075
           f     8388608        4096         512           0         512     118.383       65848      160816         521        1267
           f     8388608        4096         512           0        2048     127.129       65840      157872         520        1188
           f     8388608        4096         512           0        8192     121.669       65840      181632         520        1228
           f     8388608       16384          32           0        2048     136.736       65848      178128         521         863
           f     8388608       16384          32           0        8192     149.950       65840      175776         520         852
           f     8388608       16384         128           0        2048     118.173       65840      127688         520         662
           f     8388608       16384         128           0        8192     125.169       65848      162656         521         807
           f     8388608       65536          32           0        8192     134.024       65848      150856         521         715
           m    16777216        1024         128           0         128      38.272      131344      341864        1032        5691
           m    16777216        1024         128           0         512      38.307      131600      348664        1035        6266
           m    16777216        1024         128           0        2048      38.660      131352      363192        1033        6681
           m    16777216        1024         512           0         128      42.805      131352      344368        1033        6667
           m    16777216        1024         512           0         512      44.705      131344      350656        1032        8633
           m    16777216        1024         512           0        2048      43.216      131344      358272        1032        6742
           m    16777216        1024        2048           0         128      58.265      131352      354952        1033        6871
           m    16777216        1024        2048           0         512      58.392      131352      346448        1033        6359
           m    16777216        1024        2048           0        2048      58.809      131360      351160        1034        6275
           m    16777216        4096         128           0         512      34.854      131360      345880        1034        3258
           m    16777216        4096         128           0        2048      35.537      131344      355488        1032        4203
           m    16777216        4096         128           0        8192      34.769      131352      351520        1033        3176
           m    16777216        4096         512           0         512      34.255      131344      344184        1032        2930
           m    16777216        4096         512           0        2048      34.729      131608      342032        1036        2714
           m    16777216        4096         512           0        8192      34.198      131360      344856        1034        3144
           m    16777216        4096        2048           0         128      35.914      131344      383440        1032        4400
           m    16777216        4096        2048           0         512      34.713      131352      324752        1033        3372
           m    16777216        4096        2048           0        2048      36.778      131352      355696        1033        4418
           m    16777216        4096        2048           0        8192      35.161      131616      318632        1037        3139
           m    16777216       16384          32           0        2048      32.728      131360      345496        1034        1802
           m    16777216       16384          32           0        8192      33.650      131344      346504        1032        2074
           m    16777216       16384         128           0        2048      31.625      131344      334704        1032        1825
           m    16777216       16384         128           0        8192      32.233      131344      345552        1032        1987
           m    16777216       16384         512           0        2048      29.040      131344      350496        1032        1970
           m    16777216       16384         512           0        8192      29.911      131352      347096        1033        1784
           m    16777216       65536          32           0        8192      31.981      131360      365000        1034        1678
           m    16777216       65536         128           0        8192      28.894      131360      369568        1034        1824
           m    16777216     4194304           2           0         128      23.050      131352      276328        1033        1186
           m    16777216     4194304           2           0         512      22.607      131344      236240        1032        1012
           m    16777216     4194304           2           0        2048      22.892      131344      274728        1032        1176
           m    16777216     4194304           2           0        8192      22.759      131600      274960        1035        1177
           b    16777216        1024         128        1024         128       Error
           b    16777216        1024         128        1024         512       Error
           b    16777216        1024         128        1024        2048      46.723      131392      349400        1033        4813
           b    16777216        1024         512        1024         128       Error
           b    16777216        1024         512        1024         512       Error
           b    16777216        1024         512        1024        2048      58.487      131392      350184        1033        5421
           b    16777216        1024        2048        1024         128       Error
           b    16777216        1024        2048        1024         512       Error
           b    16777216        1024        2048        1024        2048       Error
           b    16777216        4096         128        1024         512      53.702      131392      347384        1033        2750
           b    16777216        4096         128        1024        2048      54.878      131648      347552        1036        2611
           b    16777216        4096         128        1024        8192      47.146      131392      348544        1032        2787
           b    16777216        4096         128        4096         512       Error
           b    16777216        4096         128        4096        2048       Error
           b    16777216        4096         128        4096        8192      44.398      131384      376344        1032        2846
           b    16777216        4096         512        1024         512      52.804      131392      350888        1033        2724
           b    16777216        4096         512        1024        2048      57.067      131640      337080        1034        2159
           b    16777216        4096         512        1024        8192      51.388      131648      373680        1036        2792
           b    16777216        4096         512        4096         128       Error
           b    16777216        4096         512        4096         512       Error
           b    16777216        4096         512        4096        2048       Error
           b    16777216        4096         512        4096        8192      48.368      131656      337128        1037        2424
           b    16777216        4096        2048        1024         128       Error
           b    16777216        4096        2048        1024         512       Error
           b    16777216        4096        2048        1024        2048       Error
           b    16777216        4096        2048        1024        8192       Error
           b    16777216        4096        2048        4096         128       Error
           b    16777216        4096        2048        4096         512       Error
           b    16777216        4096        2048        4096        2048       Error
           b    16777216        4096        2048        4096        8192       Error
           b    16777216       16384          32        1024        2048      52.266      131384      338120        1032        1593
           b    16777216       16384          32        1024        8192      64.741      131392      349224        1033        1665
           b    16777216       16384          32        4096        2048      57.331      131648      351512        1036        1610
           b    16777216       16384          32        4096        8192      65.219      131648      363096        1036        1700
           b    16777216       16384          32       16384        2048       Error
           b    16777216       16384          32       16384        8192       Error
           b    16777216       16384         128        1024        2048      51.713      131392      340600        1033        1602
           b    16777216       16384         128        1024        8192      53.241      131400      353944        1034        1791
           b    16777216       16384         128        4096        2048      51.517      131384      330848        1032        1545
           b    16777216       16384         128        4096        8192      56.015      131384      331752        1032        1640
           b    16777216       16384         128       16384         128       Error
           b    16777216       16384         128       16384         512       Error
           b    16777216       16384         128       16384        2048       Error
           b    16777216       16384         128       16384        8192       Error
           b    16777216       16384         512        1024        2048      43.832      131384      339456        1032        1629
           b    16777216       16384         512        1024        8192      50.129      131392      351448        1033        1711
           b    16777216       16384         512        4096         128      49.994      131384      337616        1032        1599
           b    16777216       16384         512        4096         512      43.803      131392      323376        1033        1598
           b    16777216       16384         512        4096        2048      47.662      131384      365824        1032        1912
           b    16777216       16384         512        4096        8192      54.660      131384      326216        1032        1631
           b    16777216       16384         512       16384         128       Error
           b    16777216       16384         512       16384         512       Error
           b    16777216       16384         512       16384        2048       Error
           b    16777216       16384         512       16384        8192       Error
           b    16777216       65536          32        1024        8192      62.528      131392      358552        1033        1605
           b    16777216       65536          32        4096        8192      68.636      131640      349672        1035        1565
           b    16777216       65536          32       16384        8192      60.323      131384      344856        1032        1534
           b    16777216       65536         128        1024        8192      41.169      131640      364400        1035        1599
           b    16777216       65536         128        4096        8192      43.425      131400      351472        1034        1552
           b    16777216       65536         128       16384         128      56.146      131384      354568        1032        1565
           b    16777216       65536         128       16384         512      47.002      131392      355768        1033        1570
           b    16777216       65536         128       16384        2048      42.875      131400      337144        1034        1498
           b    16777216       65536         128       16384        8192      44.663      131400      345984        1034        1521
           b    16777216     4194304           2        1024         128      29.272      131392      301096        1030        1288
           b    16777216     4194304           2        1024         512      27.748      131648      309824        1036        1324
           b    16777216     4194304           2        1024        2048      28.571      131392      309800        1031        1326
           b    16777216     4194304           2        1024        8192      28.499      131392      309824        1030        1323
           b    16777216     4194304           2        4096         128      27.910      131640      304080        1032        1302
           b    16777216     4194304           2        4096         512      27.937      131384      318544        1032        1362
           b    16777216     4194304           2        4096        2048      28.294      131384      318472        1029        1362
           b    16777216     4194304           2        4096        8192      27.697      131384      308128        1030        1318
           b    16777216     4194304           2       16384         128      28.166      131384      302568        1032        1294
           b    16777216     4194304           2       16384         512      28.446      131392      319064        1031        1365
           b    16777216     4194304           2       16384        2048      28.822      131392      307416        1030        1316
           b    16777216     4194304           2       16384        8192      27.811      131384      306408        1029        1311
           f    16777216        1024         128           0         128     282.460      131384      397848        1033        5887
           f    16777216        1024         128           0         512     279.110      131384      391544        1033        5533
           f    16777216        1024         128           0        2048     258.756      131384      385888        1033        6140
           f    16777216        1024         512           0         128     272.554      131384      395608        1033        4547
           f    16777216        1024         512           0         512     274.430      131384      393240        1033        5415
           f    16777216        1024         512           0        2048     260.814      131640      401056        1036        4453
           f    16777216        1024        2048           0         128       Error
           f    16777216        1024        2048           0         512       Error
           f    16777216        1024        2048           0        2048       Error
           f    16777216        4096         128           0         512     277.622      131384      362128        1033        3413
           f    16777216        4096         128           0        2048     282.574      131640      358152        1036        3016
           f    16777216        4096         128           0        8192     269.590      131384      372288        1033        3024
           f    16777216        4096         512           0         512     255.726      131384      397392        1033        2776
           f    16777216        4096         512           0        2048     255.753      131384      376952        1033        3452
           f    16777216        4096         512           0        8192     246.514      131640      368936        1036        3161
           f    16777216        4096        2048           0         128       Error
           f    16777216        4096        2048           0         512       Error
           f    16777216        4096        2048           0        2048