Release mode
Test start

 Stream type    Elements  Block size           d Buffer size  Cache size        Time   I sectors   O sectors    Read ops   Write ops
           f     1048576        1024          32           0        2048      16.085        8888         280          92           9
           f     1048576        1024          32           0        8192      15.402        8496         144          72           8
           f     1048576        1024         128           0        2048      15.060        8768         144          77           8
           f     1048576        1024         128           0        8192      14.976        8496         112          72           6
           f     1048576        1024         512           0        2048      13.525        8504         112          73           6
           f     1048576        1024         512           0        8192      13.497        8512         112          74           6
           f     1048576        4096          32           0        8192      15.104        8496         112          72           6
           f     1048576        4096         128           0        8192      13.643        8496         112          72           6
           f     2097152        1024         128           0         512      31.384       16688         264         136          17
           f     2097152        1024         128           0        2048      31.014       16688         264         136          17
           f     2097152        1024         128           0        8192      30.786       16688         264         136          17
           f     2097152        1024         512           0         512      30.231       16688         272         136          18
           f     2097152        1024         512           0        2048      29.435       16704         200         138          12
           f     2097152        1024         512           0        8192      28.787       16688         200         136          12
           f     2097152        4096          32           0        2048      32.521       16688         264         136          17
           f     2097152        4096          32           0        8192      32.341       16688         264         136          17
           f     2097152        4096         128           0        2048      30.299       16688         264         136          17
           f     2097152        4096         128           0        8192      29.616       16688         200         136          12
           f     2097152       16384          32           0        8192      34.134       16688         264         136          17
           f     4194304        1024         128           0         512      66.722       33072       68472         264        1338
           f     4194304        1024         128           0        2048      63.666       33328       69968         267         738
           f     4194304        1024         128           0        8192      62.386       33072       71840         264        1005
           f     4194304        1024         512           0         512      62.124       33080       70120         265         953
           f     4194304        1024         512           0        2048      61.716       33072       68656         264         800
           f     4194304        1024         512           0        8192      60.955       33072       70272         264         890
           f     4194304        1024        2048           0         128       Error
           f     4194304        1024        2048           0         512       Error
           f     4194304        1024        2048           0        2048       Error
           f     4194304        1024        2048           0        8192       Error
           f     4194304        4096          32           0        2048      69.341       33080       65976         265         478
           f     4194304        4096          32           0        8192      67.048       33072       67096         264         506
           f     4194304        4096         128           0        2048      65.550       33072       66240         264         550
           f     4194304        4096         128           0        8192      63.096       33336       66840         268         565
           f     4194304        4096         512           0        2048      57.596       33336       71240         268         471
           f     4194304        4096         512           0        8192      55.233       33072       68656         264         450
           f     4194304       16384          32           0        8192      72.183       33072       77968         264         388
           f     4194304       16384         128           0        8192      56.913       33080       58048         265         290
           f     8388608        1024         128           0         128     137.962       65848      159176         521        2873
           f     8388608        1024         128           0         512     137.491       65848      198904         521        3703
           f     8388608        1024         128           0        2048     133.523       65848      188752         521        3693
           f     8388608        1024         512           0         128     129.680       65840      159096         520        2813
           f     8388608        1024         512           0         512     129.428       65848      151552         521        2896
           f     8388608        1024         512           0        2048     129.348       65840      188888         520        3774
           f     8388608        1024        2048           0         128       Error
           f     8388608        1024        2048           0         512       Error
           f     8388608        1024        2048           0        2048       Error
           f     8388608        4096         128           0         512     138.241       65840      178880         520        1112
           f     8388608        4096         128           0        2048     136.709       65840      177168         520        1126
           f     8388608        4096         128           0        8192     129.549       65856      180288         522         977
           f     8388608        4096         512           0         512     118.367       65840      132960         520        1163
           f     8388608        4096         512           0        2048     121.874       65848      162488         521        1254
           f     8388608        4096         512           0        8192     117.442       65840      130496         520        1066
           f     8388608       16384          32           0        2048     131.854       65840      183848         520         897
           f     8388608       16384          32           0        8192     149.019       65840      147096         520         758
           f     8388608       16384         128           0        2048     125.598       65840      141760         520         697
           f     8388608       16384         128           0        8192     122.141       65840      155048         520         745
           f     8388608       65536          32           0        8192     125.051       65840      120776         520         588
           f    16777216        1024         128           0         128     278.574      131392      397888        1034        6236
           f    16777216        1024         128           0         512     278.478      131384      391664        1033        5516
           f    16777216        1024         128           0        2048     258.131      131384      348504        1033        8770
           f    16777216        1024         512           0         128     284.017      131648      404064        1037        7651
           f    16777216        1024         512           0         512     272.171      131392      390528        1034        5569
           f    16777216        1024         512           0        2048     255.913      131384      403416        1033        4760
           f    16777216        1024        2048           0         128       Error
           f    16777216        1024        2048           0         512       Error
           f    16777216        1024        2048           0        2048       Error
           f    16777216        4096         128           0         512     278.568      131384      400992        1033        2561
           f    16777216        4096         128           0        2048     286.283      131392      400088        1034        2543
           f    16777216        4096         128           0        8192     261.819      131384      402224        1033        2527
           f    16777216        4096         512           0         512     256.118      131640      413896        1036        3822
           f    16777216        4096         512           0        2048     263.937      131384      398272        1033        2594
           f    16777216        4096         512           0        8192     252.335      131640      324584        1036        2022
           f    16777216        4096        2048           0         128       Error
           f    16777216        4096        2048           0         512       Error
           f    16777216        4096        2048           0        2048       Error
           f    16777216        4096        2048           0        8192       Error
           f    16777216       16384          32           0        2048     280.061      131384      385256        1033        1978
           f    16777216       16384          32           0        8192     298.289      131384      378912        1033        2071
           f    16777216       16384         128           0        2048     254.066      131376      404600        1032        1994
           f    16777216       16384         128           0        8192     267.734      131640      399296        1036        2012
           f    16777216       16384         512           0        2048     218.856      131640      383248        1036        2028
           f    16777216       16384         512           0        8192     230.396      131392      398784        1034        1965
           f    16777216       65536          32           0        8192     286.864      131376      420968        1032        2003
           f    16777216       65536         128           0        8192     220.410      131384      421536        1033        1957
           f    16777216     4194304           2           0         128      61.273      131376      282888        1032        1225
           f    16777216     4194304           2           0         512      61.471      131632      283400        1035        1228
           f    16777216     4194304           2           0        2048      61.235      131376      281344        1032        1217
           f    16777216     4194304           2           0        8192      63.124      131376      293192        1032        1268
           f    33554432        1024         512           0         128     548.941      262728      866272        2062       26894
           f    33554432        1024         512           0         512     556.363      262472      871344        2059       25091
           f    33554432        1024        2048           0         128