Release mode
Test start

 Stream type    Elements  Block size           d Buffer size  Cache size        Time   I sectors   O sectors    Read ops   Write ops
           m   134217728       16384         128           0         128     867.763    10183848     4052592      161398       28405
           m   134217728       16384         128           0         512     Timeout
           m   134217728       16384         128           0        2048     668.370     7611552     4029928      112550       28295
           m   134217728       16384         512           0         128     Timeout
           m   134217728       16384         512           0         512     Timeout
           m   134217728       16384         512           0        2048     704.291     7348696     3917000      105877       29969
           m   134217728       16384        2048           0         128     Timeout
           m   134217728       16384        2048           0         512     Timeout
           m   134217728       16384        2048           0        2048     723.889     7349712     3858192      105282       29522
           m   134217728       65536         128           0         512     471.042     4483312     4058808       49441       20293
           m   134217728       65536         128           0        2048     467.122     4387232     4027568       49044       20439
           m   134217728       65536         128           0        8192     459.557     4748624     4063776       44761       21474
           m   134217728       65536         512           0         512     474.867     4560504     3894824       51024       20273
           m   134217728       65536         512           0        2048     465.478     4496264     3888192       50227       19953
           m   134217728       65536         512           0        8192     445.440     4729392     3968568       44283       20962
           m   134217728      262144          32           0        2048     367.430     2993728     4772200       24347       21866
           m   134217728      262144          32           0        8192     382.572     3101552     5014176       24925       23331
           m   134217728      262144         128           0        2048     355.254     3049032     4279600       24686       19205
           m   134217728      262144         128           0        8192     358.288     3176632     4268544       25668       19171
           m   134217728     1048576          32           0        8192     338.633     2758960     5818800       21561       25812
           m   134217728     4194304           8           0         128     389.126     2510568     9905400       19612       42458
           m   134217728     4194304           8           0         512     395.936     2551328    10457176       19934       45063
           m   134217728     4194304           8           0        2048     398.328     2575632    10623304       20107       45648
           m   134217728     4194304           8           0        8192     432.483     2423168    10247696       18787       44640
           m   268435456       16384         128           0         128     Timeout
           m   268435456       16384         128           0         512     Timeout
           m   268435456       16384         128           0        2048     Timeout
           m   268435456       16384         512           0         128     Timeout
           m   268435456       16384         512           0         512     Timeout
           m   268435456       16384         512           0        2048     Timeout
           m   268435456       16384        2048           0         128     Timeout
           m   268435456       16384        2048           0         512     Timeout
           m   268435456       16384        2048           0        2048     Timeout
           m   268435456       65536         128           0         512     Timeout
           m   268435456       65536         128           0        2048     Timeout
           m   268435456       65536         128           0        8192     Timeout
           m   268435456       65536         512           0         512     Timeout
           m   268435456       65536         512           0        2048     Timeout
           m   268435456       65536         512           0        8192     Timeout
           m   268435456       65536        2048           0         128     Timeout
           m   268435456       65536        2048           0         512     Timeout
           m   268435456       65536        2048           0        2048     Timeout
           m   268435456       65536        2048           0        8192     Timeout
           m   268435456      262144          32           0        2048     Timeout
           m   268435456      262144          32           0        8192     Timeout
           m   268435456      262144         128           0        2048     926.657     9939888     8700272       91624       40041
           m   268435456      262144         128           0        8192     905.934     9912712     9165104       87009       41127
           m   268435456      262144         512           0        2048     861.882     9776224     8198664       84415       37158
           m   268435456      262144         512           0        8192     885.332    10219240     8443864       89708       38489
           m   268435456     1048576          32           0        2048     742.588     7071456    11623584       55681       51446
           m   268435456     1048576          32           0        8192     754.830     7068672    11838384       55382       52788
           m   268435456     1048576         128           0        2048     703.277     7271144    10953624       57567       48321
           m   268435456     1048576         128           0        8192     696.107     7274240    10807752       57204       48314
           m   268435456     4194304           8           0         128     902.807     6501608    23536240       50774      102532
           m   268435456     4194304           8           0         512     885.662     6571104    23076664       51298      102549
           m   268435456     4194304           8           0        2048     896.840     6569000    23597544       51213      103389
           m   268435456     4194304           8           0        8192     Timeout
           m   268435456     4194304          32           0         128     816.685     7146952    18766520       55861       81835
           m   268435456     4194304          32           0         512     853.336     7107544    20439296       55559       89564
           m   268435456     4194304          32           0        2048     831.942     6928424    20117848       54165       87213
           m   268435456     4194304          32           0        8192     838.691     7089296    20583104       55370       89355
           m   268435456    16777216           8           0         128     942.116     7785344    21084040       60574       91320
           m   268435456    16777216           8           0         512     928.137     7560520    20510048       58822       88387
           m   268435456    16777216           8           0        2048     955.493     7782408    21158864       60212       92054
           m   268435456    16777216           8           0        8192     Timeout
           m   268435456    67108864           2           0         128       Error
           m   268435456    67108864           2           0         512       Error
           m   268435456    67108864           2           0        2048       Error
           m   268435456    67108864           2           0        8192       Error
           m   536870912       16384         512           0         128     Timeout
           m   536870912       16384         512           0         512     Timeout
           m   536870912       16384        2048           0         128     Timeout
           m   536870912       16384        2048           0         512     Timeout
           m   536870912       65536         128           0         128     Timeout
           m   536870912       65536         128           0         512     Timeout
           m   536870912       65536         128           0        2048     Timeout
           m   536870912       65536         512           0         128     Timeout
           m   536870912       65536         512           0         512     Timeout
           m   536870912       65536         512           0        2048     Timeout
           m   536870912       65536        2048           0         128     Timeout
           m   536870912       65536        2048           0         512     Timeout
           m   536870912       65536        2048           0        2048     Timeout
           m   536870912      262144         128           0         512     Timeout
           m   536870912      262144         128           0        2048     Timeout
           m   536870912      262144         128           0        8192     Timeout
           m   536870912      262144         512           0         512     Timeout
           m   536870912      262144         512           0        2048     Timeout
           m   536870912      262144         512           0        8192     Timeout
           m   536870912     1048576          32           0        2048     Timeout
           m   536870912     1048576          32           0        8192     Timeout
           m   536870912     1048576         128           0        2048     Timeout
           m   536870912     1048576         128           0        8192     Timeout
           m   536870912     4194304          32           0         128     Timeout
           m   536870912     4194304          32           0         512     Timeout
           m   536870912     4194304          32           0        2048     Timeout
           m   536870912     4194304          32           0        8192     Timeout
           m   536870912    16777216           8           0         128     Timeout
           m   536870912    16777216           8           0         512     Timeout
           m   536870912    16777216           8           0        2048     Timeout
           m   536870912    16777216           8           0        8192     Timeout
           m   134217728       16384          32           0         128     695.787     8542528     4577840      143963       30295
           m   134217728       16384          32           0         512     Timeout
           m   134217728       16384          32           0        2048     616.380     7122280     4519952      105203       34886
           m   134217728       65536          32           0         512     477.453     4383784     4428984       48954       23570
           m   134217728       65536          32           0        2048     473.827     4349832     4544880       47416       23166
           m   134217728       65536          32           0        8192     468.977     4781264     4668768       45653       25481
           m   134217728      262144           8           0        2048     411.698     2898064     6107360       23196       27665
           m   134217728      262144           8           0        8192     446.406     3288320     6273416       26112       29542
           m   134217728     1048576           8           0        8192     413.899     2684896     7614888       20852       35041
           m   134217728    16777216           2           0         128     421.282     3243808     8717984       25066       39070
           m   134217728    16777216           2           0         512     427.665     3505928     8501136       27110       36802
           m   134217728    16777216           2           0        2048     411.292     3054464     8143224       23324       36138
           m   134217728    16777216           2           0        8192     495.473     3434136     8412808       25098       36507
           m   268435456       16384          32           0         128     Timeout
           m   268435456       16384          32           0         512     Timeout
           m   268435456       16384          32           0        2048     Timeout
           m   268435456       65536          32           0         512     Timeout
           m   268435456       65536          32           0        2048     Timeout
           m   268435456       65536          32           0        8192     Timeout
           m   268435456     1048576           8           0        2048     901.681     7001496    17700072       54838       81858
           m   268435456     1048576           8           0        8192     941.273     7096088    17713448       55319       84551
           m   536870912       16384          32           0         128     Timeout
           m   536870912       16384          32           0         512