Release mode
Test start

 Stream type    Elements  Block size           d Buffer size        Time   I sectors   O sectors    Read ops   Write ops    I/O time
           b     4194304      131072          32        4096       8.522       33120       31800         268         137      41.440
           b     8388608      131072          32        4096      20.834       65920      200560         521         893     228.356
           b    16777216      131072          32        4096      45.465      131240      554352        1032        2631     632.380
           b    33554432      131072          32        4096     Timeout
           b     4194304      131072          32       16384      10.584       32928         112         263           6       1.676
           b     8388608      131072          32       16384      25.885       65696      121792         519         535     238.324
           b    16777216      131072          32       16384      57.141      131232      517576        1031        2396     832.676
           b    33554432      131072          32       16384     Timeout
           b    16777216      131072         128        4096      40.817      131464      461448        1034        2154     798.568
           b    33554432      131072         128        4096      93.142      262312     1154056        2056        5723    1849.640
           b    67108864      131072         128        4096     Timeout
           b    16777216      131072         128       16384      53.649      131240      589536        1032        2856     689.064
           b    33554432      131072         128       16384     Timeout
           b    67108864      131072         512        4096     Timeout
           b    67108864      131072         512       16384     Timeout
           b    16777216      524288          32        4096      39.544      131472      541712        1035        2374     563.884
           b    33554432      524288          32        4096      90.334      262536     1369520        2058        6181    1430.472
           b    67108864      524288          32        4096     Timeout
           b    16777216      524288          32       16384      49.050      131464      549600        1034        2406     590.760
           b    33554432      524288          32       16384     Timeout
           b    67108864      524288         128        4096     Timeout
           b    67108864      524288         128       16384     Timeout
           b    67108864     2097152          32        4096     Timeout
           b    67108864     2097152          32       16384     Timeout
