Release mode
Test start

 Stream type    Elements  Block size           d Buffer size  Cache size        Time   I sectors   O sectors    Read ops   Write ops
           m     8388608     4194304           2           0         128       9.544       66120       53304         524         231
           m     8388608     4194304           2           0         512       9.821       65880       51856         520         225
           m     8388608     4194304           2           0        2048       9.825       65880       54976         520         238
           m     8388608     4194304           2           0        8192       9.570       65880       54976         520         238
           m    16777216     4194304           2           0         128      24.615      131624      291848        1035        1253
           m    16777216     4194304           2           0         512      23.747      131416      283608        1032        1215
           m    16777216     4194304           2           0        2048      23.652      131416      277016        1032        1185
           m    16777216     4194304           2           0        8192      24.882      131416      294640        1032        1259
           m    33554432     4194304           2           0         128      63.115      262496     1248176        2057        5452
           m    33554432     4194304           2           0         512      67.109      262760     1241104        2050        5321
           m    33554432     4194304           2           0        2048      68.205      262504     1258496        2058        5539
           m    33554432     4194304           2           0        8192      76.800      262496     1255896        2057        5405
           m    33554432     4194304           8           0         128      60.317      262744      963248        2059        4102
           m    33554432     4194304           8           0         512      60.566      262504      971456        2054        4140
           m    33554432     4194304           8           0        2048      60.363      262744      973424        2060        4144
           m    33554432     4194304           8           0        8192      58.890      262496      969768        2055        4129
           m    33554432    16777216           2           0         128      53.995      262512      362840        2059        1552
           m    33554432    16777216           2           0         512      54.336      262504      360080        2058        1541
           m    33554432    16777216           2           0        2048      54.054      262496      360912        2057        1544
           m    33554432    16777216           2           0        8192      54.305      262752      360864        2060        1543
           m    67108864     1048576           2           0        8192     264.365      683256     4567192        5305       19748
           m    67108864     1048576           8           0        8192     166.947      794024     2473776        6180       10650
           m    67108864     1048576          32           0        8192     141.687      794752     2052616        6223        8835
           m    67108864     4194304           2           0         128     166.321      648096     4118296        5069       17588
           m    67108864     4194304           2           0         512     168.615      664448     4236000        5191       18169
           m    67108864     4194304           2           0        2048     174.141      648080     4253472        5068       18140
           m    67108864     4194304           2           0        8192     224.350      656160     4370952        5134       18646
           m    67108864     4194304           8           0         128     143.996      746880     2838720        5846       12271
           m    67108864     4194304           8           0         512     157.095      744736     2908992        5823       12935
           m    67108864     4194304           8           0        2048     149.522      770752     2797704        6031       11996
           m    67108864     4194304           8           0        8192     147.245      766400     2902904        5995       12385
           m    67108864    16777216           2           0         128     139.810      656312     2064504        5137        8783
           m    67108864    16777216           2           0         512     139.327      656056     2061944        5134        8768
           m    67108864    16777216           2           0        2048     140.100      656296     2064672        5138        8779
           m    67108864    16777216           2           0        8192     140.527      656240     2066512        5137        8808
           m   134217728     1048576           2           0        8192     Timeout
           m   134217728     1048576           8           0        8192     379.657     2206664     6442136       17118       27981
           m   134217728     1048576          32           0        8192     326.707     2294152     5169200       17939       22781
           m   134217728     1048576         128           0        8192     294.538     2296176     4681816       17993       21300
           m   134217728     4194304           2           0         128     448.976     2071600    13593872       16119       59371
           m   134217728     4194304           2           0         512     450.649     2066400    13660880       16070       58766
           m   134217728     4194304           2           0        2048     484.066     2089128    14030424       16134       60574
           m   134217728     4194304           2           0        8192     530.176     2086968    13696056       15708       58890
           m   134217728     4194304           8           0         128     370.501     2193312     8702896       17120       38323
           m   134217728     4194304           8           0         512     382.820     2206240     9210152       17219       40063
           m   134217728     4194304           8           0        2048     380.179     2188432     8554504       17043       36834
           m   134217728     4194304           8           0        8192     393.162     2183088     8936000       16899       38380
           m   134217728     4194304          32           0         128     345.603     2234912     7472296       17480       32394
           m   134217728     4194304          32           0         512     333.028     2282856     7105856       17851       30555
           m   134217728     4194304          32           0        2048     348.731     2309688     6964304       18042       30800
           m   134217728     4194304          32           0        8192     340.030     2280984     7109960       17835       30789
           m   134217728    16777216           2           0         128     382.642     2109808     8664432       16378       37670
           m   134217728    16777216           2           0         512     390.376     2285128     8391224       17743       37159
           m   134217728    16777216           2           0        2048     382.524     1952448     8196296       15038       35263
           m   134217728    16777216           2           0        8192     420.823     2113848     8448896       15787       36052
           m   134217728    16777216           8           0         128     355.269     1971888     7337416       15427       31878
           m   134217728    16777216           8           0         512     356.025     1919952     7467584       15012       31865
           m   134217728    16777216           8           0        2048     362.541     2010104     7372664       15726       31444
           m   134217728    16777216           8           0        8192     356.686     2016648     7492144       15777       32202
           m   134217728    67108864           2           0         128     292.372     1573216     1496680       12321        6424
           m   134217728    67108864           2           0         512     287.709     1573728     1547640       12322        6630
           m   134217728    67108864           2           0        2048     287.947     1573504     1499912       12323        6449
           m   134217728    67108864           2           0        8192     288.247     1573800     1512560       12324        6572
           m   268435456     1048576           2           0        2048     Timeout                                                  (* Note: 1000s timeout from here instead of 600 *)
           m   268435456     1048576           2           0        8192     Timeout
           m   268435456     1048576           8           0        2048     921.316     7075504    17202936       55460       82287
           m   268435456     1048576           8           0        8192     911.356     6921328    15112648       53866       66254
           m   268435456     1048576          32           0        2048     743.518     7060384    10634800       55481       46502
           m   268435456     1048576          32           0        8192     770.626     7135240    11534400       55905       51919
           m   268435456     1048576         128           0        2048     705.678     7253664    10413096       57444       45319
           m   268435456     1048576         128           0        8192     701.487     7313968    10257392       57455       44689
           m   268435456     4194304           2           0         128     Timeout
           m   268435456     4194304           2           0         512     Timeout
           m   268435456     4194304           2           0        2048     Timeout
           m   268435456     4194304           2           0        8192     Timeout
           m   268435456     4194304           8           0         128     896.637     6771536    23430872       52854      102562
           m   268435456     4194304           8           0         512     908.846     6903360    23719464       53875      105294
           m   268435456     4194304           8           0        2048     891.210     6562616    20581416       51126       89306
           m   268435456     4194304           8           0        8192     914.652     6390384    21238544       49474       94133
           m   268435456     4194304          32           0         128     833.817     6743064    19443256       52712       85430
           m   268435456     4194304          32           0         512     794.185     6888120    15990792       53825       71099
           m   268435456     4194304          32           0        2048     796.768     6822752    16797808       53317       73284
           m   268435456     4194304          32           0        8192     843.884     6885240    19648712       53735       86094
           m   268435456    16777216           2           0         128     Timeout
           m   268435456    16777216           2           0         512     Timeout
           m   268435456    16777216           2           0        2048     Timeout
           m   268435456    16777216           2           0        8192     Timeout
           m   268435456    16777216           8           0         128       Error
           m   268435456    16777216           8           0         512       Error
           m   268435456    16777216           8           0        2048       Error




Release mode
Test start

 Stream type    Elements  Block size           d Buffer size  Cache size        Time   I sectors   O sectors    Read ops   Write ops
           m     8388608     4194304           2           0         128       9.544       66120       53304         524         231
           m    16777216     4194304           2           0        2048      23.652      131416      277016        1032        1185
           m    33554432    16777216           2           0         128      53.995      262512      362840        2059        1552
           m    67108864    16777216           2           0         512     139.327      656056     2061944        5134        8768
           m   134217728    67108864           2           0         512     287.709     1573728     1547640       12322        6630
           m   268435456     1048576         128           0        8192     701.487     7313968    10257392       57455       44689