# Stream type    Elements  Block size           d Buffer size  Cache size        Time   I sectors   O sectors    Read ops   Write ops
           m   268435456      524288         512           0           0     542.234     6175856     7248440       49559       34312
           m   268435456     1048576         256           0           0     512.874     5845680     7507560       45909       33002
           m   268435456     2097152         128           0           0     536.912     5765496     7989480       45113       35811
           m   268435456     4194304          64           0           0     575.213     5494096     8044928       42943       38565


           m   268435456      524288         512           0        1024     627.283     6275728     7963352       49331       35982
           m   268435456     1048576         256           0        1024     604.526     6110288     8688744       47903       37431
           m   268435456     2097152         128           0        1024     597.446     5791656     9430312       45343       40689
           m   268435456     4194304          64           0        1024     675.554     5972120    11558312       46662       49670


           m   268435456      524288         512           0        2048     621.394     6239288     7991352       49075       36272
           m   268435456     1048576         256           0        2048     613.680     6004464     8776192       47031       39174
           m   268435456     2097152         128           0        2048     605.943     5740992     9697704       44950       44419
           m   268435456     4194304          64           0        2048     672.950     5757480    11502560       44990       49651


           m   268435456      524288         512           0        4096     615.364     6159496     7889808       48476       34852
           m   268435456     1048576         256           0        4096     601.730     5994160     8655408       46988       37362
           m   268435456     2097152         128           0        4096     613.923     5893392     9836848       46121       43859
           m   268435456     4194304          64           0        4096     670.409     5623200    11652064       43924       50180


           m   268435456      524288         512           0        8192     627.725     6514744     7981368       51308       36864
           m   268435456     1048576         256           0        8192     604.969     5945712     8608208       46620       37167
           m   268435456     2097152         128           0        8192     601.770     5622888     9445800       44007       41287
           m   268435456     4194304          64           0        8192     668.875     5736216    12040968       44845       52759
