Release mode
Test start

 Stream type    Elements  Block size           d Buffer size        Time   I sectors   O sectors    Read ops   Write ops    I/O time
           b     4194304      131072          32        1024       7.754       32928          88         263           4       1.432
           b     8388608      131072          32        1024      19.783       65696      117240         519         518     169.464
           b    16777216      131072          32        1024      41.504      131240      424128        1032        2013     707.712
           b    33554432      131072          32        1024      90.311      262312     1135720        2056        5586    1705.736
           b    67108864      131072          32        1024     Timeout
           b     4194304      131072          32        4096       7.876       33176          88         267           4       1.732
           b     8388608      131072          32        4096      20.480       65696      115280         519         516     165.572
           b    16777216      131072          32        4096      44.321      131240      463720        1032        2133     709.080
           b    33554432      131072          32        4096      92.614      262312     1182640        2056        5724    1792.160
           b    67108864      131072          32        4096     Timeout
           b     4194304      131072          32       16384      10.799       32936         120         264           6       1.820
           b     8388608      131072          32       16384      26.357       65704      184456         520         810     318.144
           b    16777216      131072          32       16384      55.842      131504      467712        1039        2133     795.984
           b    33554432      131072          32       16384     Timeout
           b    16777216      131072         128        1024      39.162      131232      459800        1031        2102     845.524
           b    33554432      131072         128        1024      87.528      262312     1139072        2056        5570    1690.476
           b    67108864      131072         128        1024     Timeout
           b    16777216      131072         128        4096      40.939      131504      437112        1038        1920     750.960
           b    33554432      131072         128        4096      90.746      262312     1143080        2056        5511    1734.968
           b    67108864      131072         128        4096     Timeout
           b    16777216      131072         128       16384      53.810      131248      435848        1033        2064     825.592
           b    33554432      131072         128       16384     Timeout
           b    67108864      131072         512        1024     Timeout
           b    67108864      131072         512        4096     Timeout
           b    67108864      131072         512       16384     Timeout

