Release mode
Test start

 Stream type    Elements  Block size           d Buffer size        Time   I sectors   O sectors    Read ops   Write ops    I/O time
           b     4194304      131072          32        4096       8.280       33144         112         269           5       1.624
           b     8388608      131072          32        4096      20.556       65696      122128         519         541     193.692
           b    16777216      131072          32        4096      45.271      131232      466600        1031        2175     691.740
           b    33554432      131072          32        4096      91.634      262536     1169440        2058        5660    1707.108
           b    67108864      131072          32        4096     Timeout
           b     4194304      131072          32       16384      11.949       33168       58824         267         262      87.040
           b     8388608      131072          32       16384      26.057       65696      228840         519        1045     270.408
           b    16777216      131072          32       16384      56.372      131232      590880        1031        2733     687.772
           b    33554432      131072          32       16384     Timeout
           b    16777216      131072         128        4096      40.240      131464      428240        1034        1989     715.776
           b    33554432      131072         128        4096      92.348      262312     1160000        2056        5612    1814.868
           b    67108864      131072         128        4096     Timeout
           b    16777216      131072         128       16384      52.731      131464      569136        1034        2631     577.208
           b    33554432      131072         128       16384     Timeout
           b    67108864      131072         512        4096     Timeout
           b    67108864      131072         512       16384     Timeout
           b    16777216      524288          32        4096      39.253      131464      559120        1034        2458     580.808
           b    33554432      524288          32        4096      89.983      262320     1348600        2057        6024    1300.964
           b    67108864      524288          32        4096     Timeout
           b    16777216      524288          32       16384      49.752      131248      567624        1033        2492     604.276
           b    33554432      524288          32       16384     Timeout
           b    67108864      524288         128        4096     Timeout
           b    67108864      524288         128       16384     Timeout
           b    67108864     2097152          32        4096     Timeout
           b    67108864     2097152          32       16384     Timeout
