Release mode
Test start

 Stream type    Elements  Block size           d Buffer size        Time   I sectors   O sectors    Read ops   Write ops    I/O time
           m     4194304      131072          32           0       6.132       33136       49888         268         217      74.884
           m     8388608      131072          32           0      14.034       65696      183904         519         796     211.404
           m    16777216      131072          32           0      29.832      131232      384552        1031        1689     515.032
           m    33554432      131072          32           0      65.642      262312      887096        2056        4012    1048.456
           m    67108864      131072          32           0     Timeout
           m    16777216      131072         128           0      27.464      131256      336280        1034        1509     545.412
           m    33554432      131072         128           0      61.397      262520      814248        2058        3594    1220.212
           m    67108864      131072         128           0     Timeout
           m    67108864      131072         512           0     Timeout
           m    16777216      524288          32           0      28.362      131456      398888        1035        1727     508.980
           m    33554432      524288          32           0      61.992      262520      882344        2058        3795    1100.936
           m    67108864      524288          32           0     Timeout
           m    67108864      524288         128           0     Timeout
           m    67108864     2097152          32           0     Timeout
           f     4194304      131072          32           0      44.857       33168       69096         269         316      67.464
           f     8388608      131072          32           0     Timeout
           f    16777216      131072         128           0     Timeout
           f    67108864      131072         512           0     Timeout
           f    16777216      524288          32           0     Timeout
           f    67108864      524288         128           0     Timeout
           f    67108864     2097152          32           0     Timeout
           s     4194304      131072          32           0     Timeout
           s    16777216      131072         128           0     Timeout
           s    67108864      131072         512           0     Timeout
           s    16777216      524288          32           0     Timeout
           s    67108864      524288         128           0     Timeout
           s    67108864     2097152          32           0     Timeout
